1642644851.061689138 0.02710426478238765410 -0.01959382701343960129 0.02020562994197316886 0.07460018518763611439 0.19986683154257095518 0.01054234797961683956 0.97692216727750658123
1642644851.261689186 0.02653278681256848390 -0.02358010764372924645 0.02159587270218807017 0.08386799555084767377 0.19343164064021034498 0.02386340627027292230 0.97723124057855392799
1642644851.495022535 0.02440988808850496489 -0.03132011195111869539 0.02110391838362167885 0.10172804428387403897 0.17877069935622449948 0.03195822343131987653 0.97809565688279098694
1642644851.628355742 0.02334933291114443116 -0.03049445968855220290 0.02103787539031513193 0.11352546767993916543 0.16700514242078950966 0.03119538577562107687 0.97890147537909710795
1642644851.761689186 0.02134853871371991674 -0.03288484138675734636 0.02044967676688146455 0.11956693887761729589 0.15600925048367761394 0.02899660231819526160 0.98006329282600812558
1642644851.861689091 0.01864957690424843759 -0.03151271461077018859 0.01919644366077483469 0.11897305257185399052 0.14006330059017604861 0.02709847152823364677 0.98259521545260664066
1642644851.961689234 0.01437136516003159267 -0.03045925328165857704 0.01738010374636164701 0.11159825031564021836 0.11967893409202169652 0.02291971375483070616 0.98625426233932289577
1642644852.061689138 0.01093002788602772529 -0.02564326041887659419 0.01455736979582597686 0.09511621168788672587 0.09961941909221086466 0.01416894352409672764 0.99036766842081758178
1642644852.161689043 0.00684870550454127688 -0.01989246572246407274 0.01131957470046492630 0.07169911153584325458 0.08501834646897972469 0.00630989707710411310 0.99377628436561493697
1642644852.261689186 0.00551751717441362286 -0.01518577097400933447 0.00837202239184619938 0.04973059568996297114 0.07712682902782688754 0.00191883488924324231 0.99577840816574325622
1642644852.461689234 0.00491125219275297120 -0.00941192729118668463 0.00706788917317049872 0.00791687415233867549 0.07520358521795995899 -0.00221539578011315961 0.99713431186353151947
1642644852.661689043 0.00456204535620948967 -0.00142216455405131314 0.00592409634320608877 -0.02098428442150996817 0.07478473980762188889 -0.00639159447684523041 0.99695839934235319646
1642644852.895022392 0.00659757126497853130 0.00075866584822828010 0.00518241984906959562 -0.05312984721022430412 0.07952459576472642455 -0.00392363852483891204 0.99540828963024086118
1642644853.061689138 0.00716350858906232221 0.00704504123420285951 0.00518727430657066335 -0.07502854917797517620 0.08652655919921406480 0.00176075240144013784 0.99341872899214755943
1642644853.161689043 0.00870918061806664860 0.00664190740080345884 0.00462140582242186182 -0.08853974904453754124 0.09120429069265591215 0.00669523435646292818 0.99186574899796386973
1642644853.328355789 0.01012619106403282732 0.01168334525144646731 0.00486246298584070910 -0.11256463080294136503 0.10005730829502687551 0.01256279667852761711 0.98851399337013201585
1642644853.461689234 0.01058162524840892092 0.01272184978862666953 0.00560437093154161903 -0.12568920466191962904 0.10302247987081719627 0.01887551139651570328 0.98652537095720005400
1642644853.661689043 0.01066735288460423856 0.01499994073286067472 0.00558469374129416662 -0.14228523153080230301 0.10746255653732397772 0.02798983986170443250 0.98357677925782927009
1642644853.761689186 0.01128151024291015880 0.01444895968711524224 0.00702795474372471408 -0.14982646282486269951 0.10999013423122264155 0.03573142701870194587 0.98192538745690594038
1642644853.928355694 0.01182551890903773238 0.01362173297864407127 0.00629843527627558120 -0.15748970340850318439 0.11678227814106560689 0.05402653302567115429 0.97910164261005638853
1642644854.028355837 0.01317882162557019836 0.01119295117298648931 0.00673316398240637014 -0.15962951851358697652 0.12247926438418546558 0.06556309460454491644 0.97735291846952843109
1642644854.161689043 0.01364774719473514121 0.01154389067037293881 0.00704785542445863014 -0.15943013913798673165 0.13010808617027402878 0.07825945335187495244 0.97546367159859748153
1642644854.261689186 0.01585566250693261695 0.00949482153941822761 0.00812527484832889155 -0.15436434211692623419 0.13864085565028672065 0.08870110476688528034 0.97420864143185414985
1642644854.361689091 0.01796491410571688860 0.00594367555884234202 0.00981591367438122003 -0.14438435107872660268 0.14962778366446846667 0.10096861058062099603 0.97291830345443341965
1642644854.495022535 0.01956772532285393565 0.00137214585859970583 0.01173910521961164799 -0.12772596658091509014 0.15773994740899038858 0.10745137980898537833 0.97327200074261099871
1642644854.661689043 0.02186289410145966783 -0.00450004023232459908 0.01377145164420490349 -0.10028634449986918720 0.16764886764723671564 0.11529846840528563956 0.97393160410105195091
1642644854.861689091 0.03068657358161975754 -0.00988953204714337550 0.01621615796852316285 -0.06247378446150515102 0.17804665166100472340 0.11144251651489779642 0.97569307756086331995
1642644855.061689138 0.02392212178258059166 -0.01446934237414498718 0.01586459165594082676 -0.03888972754931612624 0.18117854809424471796 0.09982680024370686744 0.97759732648708919100
1642644855.161689043 0.02521537982298433650 -0.01669490458494228904 0.01709094212703452659 -0.01808943019467448843 0.18236825319563132464 0.09135291299894339467 0.97881011336633294562
1642644855.261689186 0.02525828705558622739 -0.01815166124586129956 0.01780735437901858481 -0.00288612745438965876 0.18433909454914915171 0.08313144925669846419 0.97933647467742046544
1642644855.395022392 0.02564390424544372299 -0.01926577957566852004 0.01775401306334969953 0.00706148093950082281 0.18255657135701164329 0.07211363591323617650 0.98052172707017892783
1642644855.495022535 0.02383057914154436061 -0.01975852757739919932 0.01742388965881146862 0.01316151329249939939 0.17807098019615413831 0.06372799641428102124 0.98186365807725750621
1642644855.661689043 0.02296381990926857006 -0.01976777646488792062 0.01772887907921710457 0.02187608244584710385 0.16882519333786488724 0.04939981080952648290 0.98416418843770070435
1642644855.761689186 0.02094556990601512819 -0.01856878635267445246 0.01646436305142846487 0.02523557041731981643 0.16161949157270236177 0.03802017082841135931 0.98579753120997015703
1642644855.861689091 0.01993936506286124455 -0.01692391016897572958 0.01703462888094159702 0.02733005697798095504 0.15464371473463831008 0.02564051166907053286 0.98725931428373991938
1642644856.028355837 0.01725401082879692710 -0.01557790180963450864 0.01654282852986812061 0.02911898689864033871 0.13978720176082029547 0.01585778424717098484 0.98962626961123401070
1642644856.128355742 0.01440486681643079504 -0.01359954829742957699 0.01554498200483777660 0.02570401282207810181 0.12980196204535573989 0.01185533387789204120 0.99113581583588339363
1642644856.261689186 0.01212761191367117512 -0.01093190351043768840 0.01444220141889380679 0.01788240819772494994 0.11929191153596957475 0.00812646886989050118 0.99266490812501828600
1642644856.461688995 0.00745746221926322540 -0.00821469539461632155 0.01214591261643037726 0.00488214874702943679 0.09915625140127805326 0.01643976491137671969 0.99492408582831948216
1642644856.561689138 0.00610476594649352056 -0.00887184876610637961 0.01037843171253712699 0.00139296521289289333 0.09518176036992756495 0.02764652349201936199 0.99507495289530956128
1642644856.661689043 0.00629969302565938812 -0.01091683152199509309 0.00978596343718825257 0.00022483784411966750 0.09590512031803496984 0.04138184629883266685 0.99452988901371230934
1642644856.861689091 0.00493871766367579620 -0.01279556191390622717 0.00910477960986344308 -0.00271090655685622250 0.09293253766534693983 0.05711595168652849192 0.99402915575533346004
1642644856.961688995 0.00470731715851475333 -0.01429548657331948525 0.00878380803780231569 -0.00541462211866461634 0.09151492604079826398 0.06941012724716408289 0.99336696865488327557
1642644857.061689138 0.00468718316789242754 -0.01485275233835654796 0.00865995499152319957 -0.00710827267347570284 0.09145842235312180712 0.08324745954266275783 0.99229768210954227836
1642644857.161689043 0.00458203436765914924 -0.01575228888816805964 0.00848725012124988513 -0.01103784327697738925 0.09131039315775642262 0.09563566929589797927 0.99115810891880129496
1642644857.261689186 0.00479139660766705021 -0.01788197681173863199 0.00715043960850427103 -0.01648126937731333660 0.09047066873517484176 0.10647221598854290925 0.99005408593713295495
1642644857.361689091 0.00459320696253658154 -0.01759182319109608636 0.00734241532573573236 -0.02075405938011072940 0.09136890730422247975 0.11804609730050202865 0.98857782228279822423
1642644857.461688995 0.00519729983427385991 -0.01822340960323605083 0.00774220366607315455 -0.02531090804444451059 0.09363095012022346064 0.12915234708822465048 0.98686993791236377049
1642644857.561689138 0.00563562136970091089 -0.01933998410460897877 0.00753990740818652385 -0.03102229710434697627 0.09773300203473977987 0.13925954379043120612 0.98493281844952662585
1642644857.661689043 0.00633728911548445562 -0.01991603503040847295 0.00806806839633245759 -0.03678052529398735671 0.10328220903709989242 0.14649144151520912538 0.98311761036933487112
1642644857.861689091 0.00903847771969611136 -0.02063005442216714683 0.00871683650636160406 -0.04716816260749160522 0.11341232869384933191 0.15149365324955668677 0.98079686029349344434
1642644857.995022535 0.01129553448128310308 -0.01834716913404407443 0.00988163333521548809 -0.06296781616207483556 0.12576184848117763493 0.14781711474770722892 0.97896328438917445958
1642644858.228355646 0.01377075943492186288 -0.01329971267966925663 0.01049048883718517976 -0.08148027403310217909 0.13911974687201153489 0.12886098334980719549 0.97846896115506831748
1642644858.361689091 0.01518251879719614318 -0.01036712903561471874 0.01183741824387725058 -0.09149311062799776739 0.14577196480137361023 0.11370129050177962826 0.97849453832087895933
1642644858.628355742 0.01754772872066056102 -0.00587281665349491389 0.01192396097996149124 -0.09728766968102699197 0.15096133649387372122 0.08579096836099381340 0.97999270097266633073
1642644858.828355789 0.01792190586354671517 -0.00050040866429415705 0.01190996142478816140 -0.09997185077628217842 0.15353037060482785381 0.05945780099701686999 0.98127408212736777493
1642644858.961688995 0.01834752137578972431 0.00110895717348516920 0.01190053534603829552 -0.09628400683375759606 0.15476692035601075093 0.04092432321626524039 0.98239594368098026589
1642644859.161689043 0.01832952538152173363 0.00359139668566529338 0.01247121323206801941 -0.09013312919153200486 0.15481661575382593687 0.01430257103914494773 0.98371910165979037366
1642644859.261689186 0.01742389286422832417 0.00442740691094835413 0.01229226477839302431 -0.08523717156702440012 0.15100776593129464076 0.00299650783664249772 0.98484633326853476820
1642644859.495022297 0.01583078920404798126 0.00502035392935464356 0.01292364137223187687 -0.06588322165859925028 0.14258590348461455677 -0.01136155744723241906 0.98752193709493529816
1642644859.661689043 0.01439397812638939372 0.00153622737845535216 0.01262587861587351201 -0.04156815819999620798 0.13420744849938642806 -0.01422897254174261723 0.98997878024306706912
1642644859.928355694 0.01062255791534584548 -0.00410329508255225569 0.01437211093063106224 0.00787499188850721010 0.12317697282806533421 -0.01304178173951350134 0.99226777121739118126
1642644860.195022345 0.00812484713321649440 -0.00828275944498391148 0.01334016086402376768 0.03444262723368118895 0.11915671372279484919 -0.01468491297127698728 0.99216920751203097062
1642644860.361689091 0.00880155655758431930 -0.01103136977527320074 0.01311058434141933356 0.06171712176471257083 0.11524390752460415832 -0.02143012605394060965 0.99118645488972068058
1642644860.595022440 0.00657013788416966477 -0.01566964144844403689 0.01391469874721991580 0.08917232844507175238 0.11490763090633704380 -0.03596440622552057181 0.98871183551327179728
1642644860.761688948 0.00806649069744069976 -0.01500430115554002297 0.01481954335585409718 0.10300608778897653306 0.11427459355014121800 -0.05389040143522610959 0.98662398500163672743
1642644860.895022392 -0.00250843495982483022 -0.01950500621650038888 0.01393496288936918806 0.11406717961715695520 0.11312755008928114531 -0.06743272766925223483 0.98470486095279785577
1642644861.095022440 0.00691125200065805662 -0.01215227043714411231 0.01479554206190962680 0.12142537595403606054 0.11137497215294653308 -0.08807060255279838823 0.98239251962661966466
1642644861.261688948 0.00767904144181938333 -0.01250088654203148145 0.01467718062694637997 0.12142372678702431643 0.11002952972587827507 -0.09975152951614850438 0.98142723292185096717
1642644861.495022297 0.00859447576246327206 -0.00607685739621161101 0.01436012501252675183 0.10487476319660044011 0.11052895777558227608 -0.11137687454573927393 0.98202842390326117172
1642644861.695022345 0.00970695135189823810 -0.00058235945652569047 0.01252887127868177776 0.08196486028531428658 0.10959467013308275829 -0.11153596994721960700 0.98429187610421864374
1642644861.861689091 0.01147776350366182425 0.00429797072439429707 0.01305549651338885203 0.05544552025582116100 0.11109847356347656022 -0.10209218025323719969 0.98699549653813889449
1642644862.095022440 0.01156389323138568188 0.00840661668631459413 0.01151248144115526659 0.02345613961570141778 0.10856327314214667124 -0.08843316785256763457 0.98987039558850931087
1642644862.261688948 0.01140615762978772901 0.01069092793356919702 0.00975196310672986344 0.00247327446920099590 0.10782339235031064562 -0.07412773858197818644 0.99139955484567010568
1642644862.361689091 0.01117770900346039264 0.00969674566284507711 0.00943379694984669386 -0.01030293361581786915 0.10923616348099308981 -0.06580155250736409445 0.99178196486651359898
1642644862.495022297 0.01122225240367353757 0.00925669233812752811 0.00907233095127540044 -0.02264372950386374025 0.10927309421567141245 -0.05799212072044433036 0.99206026345632569718
1642644862.661689043 0.01080208594509404242 0.00916373893210451276 0.00851211438939285768 -0.03788296711384762233 0.10800423324344490816 -0.04217230923063866599 0.99253285222117559883
1642644862.828355789 0.01056401309144107403 0.00915468077557322728 0.00789508448245311578 -0.05486495312680549075 0.10976940141145502539 -0.02779819210659787571 0.99205230504634633881
1642644862.995022297 0.01061805709155246025 0.00930165768971654913 0.00694083599330646509 -0.07102765104870621682 0.11340978716677431459 -0.00978349094950503075 0.99095790842302233781
1642644863.161689043 0.01150629363162393101 0.00935598025221269156 0.00709821463175320817 -0.08429459687987242433 0.11908650094384365392 0.00320823862906099988 0.98929395703941847007
1642644863.261688948 0.01236638833769348328 0.00924306190184084886 0.00756094175034096195 -0.09152847980849530829 0.12341646049020216225 0.01216013081855857672 0.98805012316303664210
1642644863.395022392 0.01332433318898784171 0.00950442512780692861 0.00933880457893290772 -0.09912399362057808250 0.12840327606300902530 0.02356668860651503841 0.98647435028647245669
1642644863.528355598 0.01392322809715989054 0.00976724152148773783 0.01096587218177813745 -0.10465703860536700043 0.13296180085974068641 0.03705553269351637841 0.98488321707666903748
1642644863.661689043 0.01458925936606775449 0.00686778278933275303 0.01091623636670309427 -0.10790675089131517017 0.13636307044226284035 0.04912735939559444848 0.98353838191015918735
1642644863.761688948 0.01497462166700616951 0.00565447471898244784 0.01221305024864733670 -0.10927858238632372212 0.14124934832424607123 0.06005994833330988852 0.98208941325920595666
1642644863.861689091 0.01591874966918601156 0.00432741154904082645 0.01395101719242277868 -0.10856857218001991772 0.14611058422306838489 0.07012656327445107585 0.98078888015520437893
1642644863.995022297 0.01710382019613229318 0.00160163027669960479 0.01591650224327620378 -0.10172460534691822598 0.15105361590670701721 0.08059113648948774966 0.97996937631124747536
1642644864.195022345 0.01884956614948187989 -0.00500175963544455347 0.01779007524765332388 -0.08001644542934388538 0.15744636251888047274 0.09814565767810856656 0.97937502585544711220
1642644864.361689091 0.01987787757349867776 -0.00827331770206190045 0.01983468802326561822 -0.06458864166447703115 0.16203903039058462077 0.10819842346174811387 0.97870565603679293698
1642644864.561689138 0.02049566263332489729 -0.01387387102992992081 0.02197294664520859156 -0.03786716461593851030 0.16308156669509324410 0.11087554998255597094 0.97963110039661815964
1642644864.761688948 0.02133290567048403905 -0.01889821191983076867 0.02295733994998075747 -0.01637105113665368247 0.16210672235581763401 0.11065457634727568492 0.98041264984961296047
1642644864.961688995 0.01959082802326024553 -0.02158725227005171832 0.02163740637163915140 0.00280204427841020771 0.15165657594313908252 0.10731008593448476685 0.98258688011686690089
1642644865.161689043 0.01876977373647847197 -0.02340521516522674553 0.02092381900102416661 0.01583169111117714925 0.14555666296052410802 0.10273386216844630769 0.98387416318770726242
1642644865.261688948 0.01734243268974668475 -0.02542684718407061534 0.02061952553655346104 0.02609361484826878963 0.13831294761805623672 0.10014236052044866998 0.98496708544740085856
1642644865.461688995 0.01698172132233939993 -0.02793296264223302933 0.01914371827447572741 0.04245953582147095340 0.13070090973663919809 0.09105290785045198898 0.98631831980543538396
1642644865.561688900 0.01647817865280519836 -0.02843472502210469405 0.01786433186072436397 0.04641847136193897466 0.12758978382342689439 0.08268892525573580399 0.98728350245527918272
1642644865.661689043 0.01549442738920971639 -0.02802892784225970851 0.01752682018011340187 0.05056490659540772981 0.12358222219574785394 0.07499587116076093796 0.98820354375351082687
1642644865.861689091 0.01355123166701016624 -0.02692679746271689142 0.01655427150955916110 0.05465959384036961355 0.11826750993069443108 0.06005105304277057188 0.98965599878162369141
1642644866.061688900 0.01322491733458157695 -0.02581224199802186620 0.01571419909261507694 0.05723376171777424387 0.11188500151684874218 0.04588954129371106833 0.99100968358289043270
1642644866.161689043 0.01150119585607004002 -0.02388826615163075831 0.01491051900911644773 0.05777018450194341959 0.10845295868514567839 0.03747755917469977605 0.99171366537592720025
1642644866.295022249 0.01023548531171848339 -0.02225149935118790265 0.01376289942079836695 0.05752942003375295654 0.10337743646204639036 0.02394316330751767100 0.99268836821630235256
1642644866.428355694 0.00969017591413029976 -0.02079899617714894150 0.01331840988732124580 0.05846250203632384623 0.10187884453172724175 0.00839473037630723146 0.99304197564576390800
1642644866.595022440 0.00931525414764712220 -0.01785444187709626235 0.01279148874873117618 0.05869344816974764872 0.10070880172348621595 -0.00990503561850517716 0.99313378085067716139
1642644866.761688948 0.00936492943836020678 -0.01181549352563981796 0.01302394677174060177 0.04673995451208413920 0.09856004038037251280 -0.02861662439874955444 0.99362084514187232198
1642644866.961688995 0.00891760607723221868 -0.00512102997877474618 0.01215565167019939767 0.02660044756286390755 0.09521805099999745836 -0.03901797122922934236 0.99433572643970324911
1642644867.261688948 0.00774695313953922306 0.00251514272762171217 0.01040690153544780380 -0.00498105062177079186 0.09003628041056051245 -0.03763916656983702647 0.99521452485605454985
1642644867.495022297 0.00585999672568899253 0.00490245540504020971 0.00848295610628702935 -0.01787965319988845531 0.08286635162350863837 -0.02827202693160189503 0.99599908547309390361
1642644867.661689043 0.00404856160370433912 0.00457342041482603108 0.00697520793201554176 -0.02625796059655136419 0.07788902571315726997 -0.01109687705103121376 0.99655440318051846660
1642644867.795022249 0.00248569243191435179 0.00209074913377108604 0.00672105423396761759 -0.02685843709405737537 0.07698314127392155704 0.00421637460623069341 0.99666164895697872961
1642644867.961688995 0.00163381537376243143 0.00082130106675327498 0.00653473440893958743 -0.02737455158229694027 0.07474663939425654768 0.01855347135548379364 0.99665407365123148686
1642644868.095022440 0.00028189224392187511 -0.00023025295541292999 0.00553668443977128281 -0.02684784862660016813 0.07174508706403390224 0.03641141371790822256 0.99639652972968584255
1642644868.195022345 -0.00039699369988673515 -0.00270423728723660122 0.00448997005544387370 -0.02654238220424831249 0.07155767836896292922 0.05051152629859554516 0.99580298569764991168
1642644868.295022249 -0.00014892602008407095 -0.00596147484755930185 0.00406291393623329621 -0.02604202615875667731 0.07130126357183302899 0.06230687208455740200 0.99516621545229577706
1642644868.495022297 -0.00055558592082490205 -0.01130315724072493942 0.00403934957630787579 -0.01855668422205749082 0.07023257688401988996 0.09006595520289321921 0.99328302025570913703
1642644868.561688900 -0.00073988731558556414 -0.01358225642307077027 0.00421820214203046280 -0.01584972550570942773 0.06982840669950129975 0.10025345559019425978 0.99238199523239423172
1642644868.661689043 -0.00093289753512747252 -0.01660108002668431865 0.00381359653729567392 -0.01416304503908212380 0.06981563897785776629 0.11255809748876342835 0.99108821978623296012
1642644868.795022249 -0.00119386727104959611 -0.01988546515862881989 0.00476758629837773125 -0.01484050581294404925 0.07073907058475280285 0.13411711847694093858 0.98832603011934461179
1642644868.861689091 -0.00098494371297456595 -0.02144159738517404865 0.00426428057345588311 -0.01528328391513520366 0.07125384748571690630 0.14369821009176209081 0.98693471661892373525
1642644868.961688995 -0.00058294259576889822 -0.02315189572796600564 0.00422417521538533125 -0.01595705069713955482 0.07441230507492729851 0.15577201845094415522 0.98485697421209517088
1642644869.095022202 0.00272842189396897651 -0.02639039853033918470 0.00579122016989313398 -0.01580466147018596418 0.09100816054436970670 0.17584355574104570952 0.98007488045275847899
1642644869.261688948 0.00379633661113742494 -0.02871520030452974492 0.00667346545912696903 -0.01687235657450068468 0.09627640658460266676 0.18627415422512064169 0.97762370909593587776
1642644869.395022392 0.00634584449484775111 -0.03086557162173984153 0.00658551332702110061 -0.01824519232386409909 0.10534424377397179351 0.19373401538301968094 0.97521117433319393086
1642644869.561688900 0.00677542493764779052 -0.03093486744893154602 0.00924561158382846728 -0.02547798037746439384 0.12041400440547365969 0.19327470812397776201 0.97339417876753064895
1642644869.661689043 0.00976987501319661993 -0.03027197455641941759 0.00986768695148539446 -0.02961446645300136460 0.13227656270968241037 0.19045941168059754567 0.97229167786045367361
1642644869.761688948 0.01083682837049474226 -0.02912945450396528524 0.01175716728603588314 -0.03164066605310072305 0.14465296194960247655 0.18682185669964926356 0.97117041898434008917
1642644869.861689091 0.01189192448847522024 -0.02866142202527000721 0.01277029346506038457 -0.03279157696781926506 0.15431511121356147886 0.18268143126196764725 0.97043240547870657231
1642644869.961688995 0.00304344935412791898 -0.02672906231226245682 0.01680974842318259249 -0.03543128238997138996 0.16513321782712050978 0.17411443481705124459 0.97013391250208425021
1642644870.061688900 0.01669558784574697377 -0.02444009215932700999 0.01616517184316891564 -0.03764139306513669680 0.17531055254011859712 0.16556587815016107768 0.96976145298138149986
1642644870.295022249 0.02015721843448576092 -0.02120042198970632785 0.02026387309780577212 -0.03681866626465753883 0.19094326709135056586 0.14381419484401061770 0.97031053376140463662
1642644870.461688995 0.02007564208926315014 -0.01798973062486676835 0.02116251630597725669 -0.03337023286735479877 0.20064961776195186505 0.12310330370394156896 0.97132473203740476997
1642644870.561688900 0.02222189672225028528 -0.01580579729623237881 0.02336838596690905129 -0.03050010926615900897 0.20423743402365227007 0.11295977340900432984 0.97190375216354274457
1642644870.661689043 0.02449481395670792191 -0.01470732468490430940 0.02263409088460253960 -0.02992210687072626579 0.20709139219028713241 0.10055642305878895182 0.97267992093120103636
1642644870.795022249 0.02538774429907810978 -0.01347692958936990218 0.02299225966647598304 -0.02822976513273337332 0.20863426223648159907 0.08530771674944402638 0.97385698048768243318
1642644870.961688995 0.02592444468925674331 -0.01191827602434780004 0.02305228937910731510 -0.02401540165624906076 0.20892771872192492100 0.06317270814822741054 0.97559298776598435410
1642644871.061688900 0.02690964747453515257 -0.01083275093702416696 0.02325130596586895415 -0.02287573486471447884 0.21027337716860333705 0.05150226801798954424 0.97601707157073469556
1642644871.195022345 0.02762573714842429459 -0.00946903232490124876 0.02326499879608893984 -0.02054883595149242792 0.21073401315912071441 0.03512289188399136952 0.97669611625346175465
1642644871.261688948 0.02800742389960828374 -0.00834662898412039285 0.02297680738821550675 -0.01866967907290074252 0.21010236747089730547 0.02498823270759127288 0.97718167527465960021
1642644871.361688852 0.02849223321498110806 -0.00759870459580914200 0.02324189364485096387 -0.01762838569234415065 0.20839583697115462990 0.00994939446794383155 0.97783507029595495563
1642644871.495022297 0.02801171149513959069 -0.00498500225800341257 0.02363665533711491185 -0.01892780304248913720 0.20418366966965592613 -0.00838004945521389488 0.97871371814404728440
1642644871.561688900 0.02808708489804560143 -0.00413733768166287246 0.02403437613991439570 -0.02042188877689819076 0.20111755148197746346 -0.01831827180775146696 0.97918288274594311726
1642644871.661689043 0.02803657130340357281 -0.00207717418912145915 0.02383931141046081309 -0.02342305345627348698 0.19706010922969946497 -0.03102169758630048818 0.97962050213132412235
1642644871.761688948 0.02807399223295228494 0.00046613163222013757 0.02350114360481960971 -0.02454082532005440187 0.19319113190010892001 -0.04636381731683698881 0.97975779195246837094
1642644871.895022392 0.02644112044993458116 0.00381487926604106046 0.02443346099432421384 -0.02709014248541560810 0.18339128871022788991 -0.06061601187236456689 0.98079531937607200565
1642644872.095022202 0.02131291040249934030 0.00967096355808825213 0.02199117266840344351 -0.03418651350866287048 0.15464305015529866694 -0.07103869114679679797 0.98481993973159265288
1642644872.228355646 0.01738615117486692549 0.01187265573442863702 0.02028129361323212365 -0.03641071440529162345 0.13437461090299554489 -0.06706714777884163758 0.98798771323836609426
1642644872.361688852 0.01167153580889659578 0.01167823448895258243 0.01639141613522437577 -0.03346533531677284290 0.11100947867244204126 -0.05646168013056009072 0.99164965872723564999
1642644872.528355598 0.00698744757166041078 0.01040250269083267849 0.01222199852101241678 -0.03257371131805152087 0.08913676885190308097 -0.04325346441089199939 0.99454649342605716544
1642644872.661689043 0.00429007928476099303 0.00901041229876263852 0.00900365819254477992 -0.03224107221481969932 0.07900409126409464744 -0.03318956008256469803 0.99579983928874948873
1642644872.761688948 0.00310293617015929175 0.00728644984556972401 0.00739180561427311630 -0.03056578199097266177 0.07536510192529341512 -0.02392473388171014945 0.99640024161566720373
1642644872.861688852 0.00220073272806415492 0.00447219575576344140 0.00619543111770225197 -0.02909704329161260164 0.06968835169457027190 -0.01552538656356157974 0.99702349926259603574
1642644872.961688995 0.00126447800246145712 0.00291258739193158041 0.00498841173640616337 -0.02845455088529797588 0.06547988221385163399 -0.00609956156514065376 0.99742945560470053223
1642644873.061688900 -0.00039457612535134725 0.00066992029809236900 0.00374275516274325763 -0.02679409752169618561 0.06201221014638290396 0.00425198169868119466 0.99770661157596463031
1642644873.228355646 -0.00183621947002569549 -0.00219576577006530679 0.00236470325032212990 -0.02489358546511939718 0.05832866497555713736 0.01925715222062612808 0.99780120180986531242
1642644873.361688852 -0.00276793124335419916 -0.00340607931480194125 0.00249288649783356705 -0.02359661933167982173 0.05776724238209484524 0.03113870055310090021 0.99756529941229832303
1642644873.461688995 -0.00262991264176272964 -0.00684548806632106783 0.00177022920932655512 -0.01985179644099949181 0.05674535931687092749 0.04294444182259894022 0.99726708824196630410
1642644873.595022202 -0.00224880232237743881 -0.00953056576661346147 0.00118483065548384580 -0.01858448571447382860 0.05675449029856184657 0.05691823500167753069 0.99659111938947797515
1642644873.761688948 -0.00205255361048329883 -0.01217255180164062041 0.00178390527570459210 -0.01727894824885149727 0.05672564723578511076 0.07462119795578062154 0.99544729428972733576
1642644873.861688852 -0.00183715062776858176 -0.01476705074316260469 0.00206384519914033088 -0.01439308538197052109 0.05663051983227362918 0.08934382580413355313 0.99428542386348717219
1642644873.995022297 -0.00148159244538925141 -0.01780362190143805132 0.00206148339234406763 -0.01308813714551975392 0.05725723223204086387 0.10672399218533677734 0.99255241650766756756
1642644874.095022202 -0.00106064989928096706 -0.02020344646759199281 0.00223036263781320162 -0.01352395581165418900 0.05760051635107449330 0.11777773332325319755 0.99127578840024666018
1642644874.261688948 0.00000609344320154880 -0.02318777162631267125 0.00179797183135550808 -0.00886497261130842450 0.06279428554339178126 0.13795128709825804636 0.98840666344962979650
1642644874.395022154 0.00294182406206532467 -0.02733813511324135678 0.00312205208394815024 -0.00292903558415262251 0.07359367992455118079 0.15583621308135467420 0.98503323076847115747
1642644874.561688900 0.00675832100781465633 -0.02995530512667077261 0.00423188952433844155 -0.00138751031197639481 0.08189764770632755597 0.16847561005090552766 0.98229670616025155372
1642644874.728355646 0.01011014459644739467 -0.03173204444050879702 0.00178969370219569652 -0.00558270377158026458 0.09924096227648106228 0.17390400942569497755 0.97973336185449189095
1642644874.861688852 0.01323169764993149984 -0.02918114271279020552 0.00514056522617680357 -0.01735411918390901767 0.12095279126938833503 0.16923274746816760472 0.97797215400842052446
1642644874.995022297 0.01583294112766391384 -0.02801806818714147260 0.00731829709872698457 -0.02458947392380747207 0.13104305549787162444 0.16097318472378935317 0.97791140149699296025
1642644875.161688805 0.01866998267301616526 -0.02498383386294708922 0.00872502137710554765 -0.02919698625989461394 0.14672476561421607388 0.14555941015831766472 0.97797333157052679375
1642644875.328355551 0.02196977755923677084 -0.02159755004740767162 0.01164979524353720181 -0.03446253358986077486 0.16519486762738583296 0.12910884088603982733 0.97716625847048232956
1642644875.528355598 0.02569120062683588959 -0.01734432379668119500 0.01536047286454614649 -0.03521972619283747497 0.18474617777098403804 0.10800489127323559257 0.97619842457718097872
1642644875.695022345 0.02940910986705051050 -0.01490659487200943038 0.01708073504293900619 -0.03249730481389580955 0.19657854518658610110 0.08624781206607791406 0.97614656464384108592
1642644875.761688948 0.03028474813156117537 -0.01407891531683450742 0.01820289020451203166 -0.03219666009387300853 0.19962105044511074814 0.07465891470398612617 0.97649416677889744332
1642644875.861688852 0.03096108484943697198 -0.01107074126585608567 0.01904147611261444370 -0.03139585784281583719 0.20293565593835730110 0.05686076450511098196 0.97703545131130054013
1642644875.961688995 0.03158207443031171846 -0.00943962996460064041 0.02028222928158834523 -0.02856619459920172605 0.20305433233501563040 0.04437582952225498784 0.97774418760753234459
1642644876.161688805 0.02908599930650436829 -0.00841093961906080184 0.02149105669133788421 -0.01399914573882341320 0.19075884096065032214 0.03350829975276093525 0.98096497509422397876
1642644876.361688852 0.02454338110893014221 -0.00965089146478502642 0.02173332176274740679 0.00222631080322465954 0.17111479756805622610 0.02739068026766541125 0.98486776788964169871
1642644876.461688995 0.02166358007945555844 -0.00872271139731103234 0.02210707490132626796 0.00757883661253545317 0.15650366188749106899 0.02223951857102732244 0.98739787768919951016
1642644876.561688900 0.01769007115030536356 -0.00906380989665063128 0.02189174719107880168 0.01585694307864963029 0.13642222499083911380 0.02120325325604735175 0.99029690292159822107
1642644876.661688805 0.01421962767951671751 -0.00991275619248255593 0.02027556670501591204 0.02365721562086324850 0.12232671784944640359 0.02411694332827072837 0.99191475606210777194
1642644876.761688948 0.01180535560957246717 -0.01219531926727849235 0.01886675423032425913 0.03262111424986964547 0.10922890248955863246 0.02925048075828013544 0.99305051187813853097
1642644876.861688852 0.00882418997264957337 -0.01470527820622776448 0.01665288113170292766 0.04670053771628195766 0.09320792757439887166 0.03400106667850529008 0.99396945097876099329
1642644876.961688995 0.00747812544672832227 -0.01722050234420692549 0.01489543339893333908 0.06161190526708994891 0.08370835298361579968 0.03554751891270321179 0.99394831790656024140
1642644877.161688805 0.00794169126031303921 -0.02176195180326054995 0.01262321289013071043 0.08199516520891714233 0.08148790426741771287 0.03276699918753493701 0.99275517530996060245
1642644877.361688852 0.00949577967973741152 -0.02253934791471489882 0.01010890298060369320 0.09663519448102278475 0.07952490748886863192 0.02548574143365994055 0.99181041800339964087
1642644877.595022202 0.01026571648609718619 -0.02366233364887096458 0.01024822718936118163 0.11531627003685554489 0.07923218347855737198 0.01552620157950349890 0.99004209811023691223
1642644877.795022249 0.01186371716199810696 -0.02452971542147571946 0.00882136110033312701 0.13169817997554342237 0.08224427891938142221 0.00100722030207984776 0.98787167865235592235
1642644878.161688805 0.01820265539809029845 -0.02542803606763747309 0.01313958212223985400 0.15928158119917504298 0.11534988930204181923 -0.02658208405452471695 0.98011079666332390214
1642644878.295022249 0.02028895892456580169 -0.02339341056963424939 0.01442138428880887155 0.16124441058433836016 0.12562595387163005833 -0.03490830704694371928 0.97826365048910435274
1642644878.361688852 0.02172361937844681512 -0.02438204288665542577 0.01614527494501338117 0.15967879119509265085 0.13456961477414830508 -0.03950184006091645578 0.97715572303180675551
1642644878.495022297 0.03501419563569833221 -0.01930231627935414043 0.01845309463190993038 0.15128736059584121931 0.14858679835320715013 -0.05039479667660654028 0.97595822776746476990
1642644878.695022106 0.02799388202987721994 -0.01457510258950264412 0.02142891528778551047 0.12048276499419850738 0.16035744334173032688 -0.06117406438146496400 0.97776639722957792156
1642644878.895022154 0.02931833337715731777 -0.00440395353371243834 0.02209424205577407291 0.07630217236949862758 0.16206312911501097318 -0.06549994025248657981 0.98164315232169141456
1642644879.061688900 0.03215350749621564974 0.00205208578687256140 0.02246530052617063886 0.04727417201365270022 0.16410028267921747402 -0.06243098896526411146 0.98333037251060417816
1642644879.261688948 0.03181597170672278985 0.00763406070475194411 0.02100647260996402893 0.01227264327414086253 0.15984778454304113260 -0.06116133649514442910 0.98516869566682585546
1642644879.428355455 0.03036027077531909188 0.01492469732339095356 0.01850888741732429135 -0.02612138730629774003 0.15349012508564802149 -0.06300534748177805122 0.98579347777061643310
1642644879.561688900 0.02777414932259040029 0.01958748555954372902 0.01728478576015375981 -0.04505344969912908337 0.14877313190001931198 -0.05682521544273302916 0.98620871867204384920
1642644879.761688948 0.02652453404415923421 0.02134340387790151228 0.01340961623743177657 -0.07190393286206883672 0.13996926460845671158 -0.05373294028416960438 0.98607869895478061917
1642644879.961688757 0.02279339699515182602 0.02572587566690246602 0.01011927196320655011 -0.10661349197157121704 0.13160876398480089722 -0.04288577167872807683 0.98461845765735100944
1642644880.095022202 0.02032665777565281426 0.02882511869323154535 0.00767563985777806879 -0.12587605992483721917 0.12846000874272908709 -0.03553760349830304560 0.98305153599860373159
1642644880.228355646 0.01815848618752683927 0.03045903235823470279 0.00581352772344494433 -0.14253819187944744007 0.12623582146403600213 -0.02417098889414310073 0.98140875507146208001
1642644880.361688852 0.01576521552922123190 0.03155626192838098532 0.00225481225416890351 -0.16131676984606482805 0.12349454827087776032 -0.01317283916468014668 0.97905693022527806590
1642644880.461688757 0.01412712385674986214 0.03255999597388430783 0.00085532369869325458 -0.17285871251549542182 0.12344559776485453106 -0.00247762386600062622 0.97717701123181444078
1642644880.561688900 0.01294763911149566724 0.03200285068598195809 0.00018316100296067851 -0.18022860448171604264 0.12308182729664932098 0.00733050887453765530 0.97586616785065938284
1642644880.661688805 0.01211948067032317215 0.03058564290578539430 0.00012297999245870116 -0.18664394743361062412 0.12314041331331752882 0.01790642444446154460 0.97451517969657075469
1642644880.861688852 0.01114354476954837816 0.02843299829697433501 0.00001347426865507234 -0.20027417967539212773 0.12571879467704244471 0.04001105097955810763 0.97081623050905552219
1642644881.161688805 0.00916800116218416394 0.02328520173544877322 0.00152318420410860167 -0.20346335583981503548 0.12036650170492863010 0.07702935254215573235 0.96859746383348255261
1642644881.261688948 0.00845226466746880865 0.02246750269835672345 0.00267162972015851834 -0.19907257121778043629 0.11829403139239980103 0.09012451975921625946 0.96863522776318966567
1642644881.361688852 0.00836683898963184666 0.01669405784304906284 0.00449188378129162375 -0.18975958816327789802 0.11422622935389742382 0.10411078939701098878 0.96958991886200285304
1642644881.461688757 0.00725671571881437039 0.01215992232105406537 0.00532052490435204993 -0.17593174571780986759 0.10987856790414937680 0.11175538317206622219 0.97184641559048912107
1642644881.628355503 0.00626446087929040472 0.00458313750341643889 0.00658729541366695655 -0.15073067116798882781 0.10197014359090157687 0.12502616938490260234 0.97532087620138441242
1642644881.828355551 0.00498303221128911303 -0.00321116862049877815 0.00669406066272121118 -0.12557760568056541839 0.09459104693061744229 0.13188268136258071705 0.97871842587575830219
1642644881.995022297 0.00486471911538689100 -0.00691582294975368658 0.00643827074390813589 -0.10682080360721302181 0.09060544290304527182 0.13126026831879811230 0.98140242082131079471
1642644882.261688948 0.00475094144844477855 -0.01132207434374313780 0.00720077664567039203 -0.08388048284134166921 0.08741496401619831824 0.12344469970834028028 0.98492847190964472048
1642644882.461688757 0.00485538029344370278 -0.01434246296865440348 0.00783994971981871389 -0.05481919738900035977 0.08722671063199222141 0.11400293104156938861 0.98812432834329078091
1642644882.561688900 0.00480596673936701559 -0.01516458417428626429 0.00785234002406585453 -0.03923611059910458304 0.08695527436765007612 0.10458102037801986217 0.98993036020792579688
1642644882.695022106 0.00500349560267180238 -0.01553297537950648795 0.00830485385851357887 -0.02447949015391991459 0.08716848542907343345 0.09065086100500818755 0.99175845401431095283
1642644882.895022154 0.00482491039962924632 -0.01667770098858060296 0.00784168267953297068 -0.00425393031805765091 0.08620543926970831994 0.07934302621325568794 0.99310382665081309295
1642644883.061688900 0.00520324922138918743 -0.01615456488305093419 0.00859231234270587015 0.00940127785082258381 0.08803278719148917297 0.06554409978664191283 0.99391439034618489501
1642644883.195022106 0.00535039241088448251 -0.01646294496573221314 0.00855581361605687284 0.01977868458655131917 0.08941929125208331053 0.05391284362858977941 0.99433716579431952187
1642644883.328355551 0.00643662722893445505 -0.01666306641646419714 0.00963223163103444323 0.03038814902246296523 0.09261130523114047275 0.04383911774068754291 0.99427251711896935671
1642644883.561688900 0.00776896366516912577 -0.01749431643309450057 0.01133080036435328911 0.04699971089617072106 0.10047500641938442167 0.03029807869537181481 0.99336691443195856976
1642644883.828355551 0.01151066374073716168 -0.01870166845438626588 0.01358399498432679223 0.06634110617219599049 0.11857390737948836357 0.01244744095026010383 0.99064834695990877655
1642644883.961688757 0.01350758228944536933 -0.01925640420112161369 0.01534819222781124738 0.07622322156597004239 0.12779367433788188513 0.00532141441940575752 0.98885311338029635575
1642644884.095022202 0.01569939263794209103 -0.01896261999832834361 0.01604612595884980994 0.08142201885885252954 0.13703023569202488208 -0.00105080346880659305 0.98721429546132821731
1642644884.295022249 0.01880704874862502290 -0.01672631229235359979 0.01772250151634675169 0.08184581078944533350 0.15392790288580535107 -0.00929130937173300135 0.98464264357154229756
1642644884.495022058 0.02180073388332682757 -0.01393781699481262855 0.01864495669822600898 0.07090202584471445857 0.16872824106753483986 -0.00691344509382216255 0.98308488324981679884
1642644884.595022202 0.02275618914947376628 -0.01210692548081584823 0.01949687204488870923 0.06243296747354117743 0.17547836988671020042 -0.00111071831131786831 0.98250100894563130449
1642644884.728355408 0.02447981291733046863 -0.01023807190182256938 0.02050400292255693743 0.05279578838904781801 0.18413460003774811957 0.00241218497154048082 0.98147910581987451994
1642644884.861688852 0.02586891932976964625 -0.00920608000899171899 0.02118390864373586105 0.04302687385331911696 0.19083405854002535862 0.00777884885446289854 0.98064802031006625960
1642644885.061688900 0.02669861307398153222 -0.00830411311650210669 0.02191266834807798630 0.02890532160500669523 0.19547033268035499121 0.01334460772786001150 0.98019271210784464365
1642644885.261688709 0.02729124230600595349 -0.00573079495054411130 0.02293592159281498261 0.01361213803019617995 0.19959364094705253634 0.02189101332458965807 0.97953962233662017489
1642644885.661688805 0.02706422097876757041 -0.00417396502161950563 0.02286406081816435426 -0.00716753637403468990 0.19749407260731388636 0.03186505610609081940 0.97975983583052617121
1642644885.961688757 0.02571970001236422929 -0.00241251920193383349 0.02216456176446933782 -0.02624115771937710409 0.18905772328970582574 0.03860129863958914470 0.98085601320958271110
1642644886.261688709 0.02140653775805001491 -0.00017604791265387042 0.02200961614692230686 -0.03919390797161505929 0.17420108546361628976 0.04163204627693770782 0.98304862144453741823
1642644886.495022058 0.01693907470695380293 0.00639933209865833127 0.02095948041245403529 -0.04115937642602239543 0.16042545350750295197 0.04234636765199282366 0.98527984082991126868
