1642661145.169863462 0.09001123835947072438 0.00751309707712337349 -0.09770015130976344997 -0.05319151333156375144 0.30703805990658250558 0.03290347770773307395 0.94963974950137619579
1642661145.369863510 0.08766910904721703091 0.00182940951256502921 -0.11364808516341014244 -0.05317671226683457625 0.31236057160555441570 0.03796476284540174773 0.94771397972217019667
1642661145.569863558 0.08697327568106977269 -0.00168428499435305939 -0.12988594015637286438 -0.05906912748862520185 0.31956903233787004037 0.04401256065845166737 0.94469538278360187800
1642661145.703196764 0.08755954330740006730 -0.00777418632193982700 -0.13818242244861234092 -0.05692753348373262579 0.32277417944808295402 0.05039777224158979718 0.94341727224286076048
1642661145.903196812 0.08863419759148916111 -0.00740635320974540774 -0.15114144120733286059 -0.06086046431178220029 0.32498039652237731278 0.05073141854605049683 0.94239591941615397097
1642661146.169863462 0.08945935674677790717 -0.00837353569757832983 -0.16753882280153786777 -0.06499091170319912236 0.32879053795157070494 0.05922655261859456621 0.94030057907799913242
1642661146.303196907 0.08947834235662847913 -0.01003444480687717792 -0.17758793520910118313 -0.06312948326323043757 0.33220817536287233773 0.06694273962512058140 0.93870712481394946725
1642661146.469863415 0.08866509628077451355 -0.01147264458991882966 -0.18965704324817311832 -0.06262792504731290455 0.33381881552492298493 0.07225348358231369061 0.93777511990670014974
1642661146.669863462 0.08835254793179232735 -0.01140371169250884234 -0.20450338525651842736 -0.06479536698768867398 0.33541833230236456354 0.07209866802196572555 0.93706877273863398159
1642661146.903196812 0.09247043512083388817 -0.01404595283741220599 -0.21615072594302245368 -0.06568427347879945977 0.34219094913761294308 0.07582862176603734350 0.93425957349492816384
1642661147.136530161 0.09098319707324847849 -0.01118376133325942740 -0.22816239415335687335 -0.07561685125538415708 0.34224940558800559520 0.06433011268717156450 0.93434954528941349672
1642661147.403196812 0.08127854499244868691 -0.01352735806813426013 -0.23292785189460379902 -0.06672091110934319502 0.33344200803079937501 0.07306100807581517032 0.93756431054092126409
1642661147.569863558 0.07506148547343603761 -0.01422456484588702393 -0.23065538944823427148 -0.06639683565070338134 0.32966162715924152149 0.08392919496056011619 0.93801415875644811315
1642661147.769863367 0.06803325321965160433 -0.01361062977611258128 -0.22226562067347785390 -0.06065939268788831523 0.31993998086905989231 0.08502973935178290144 0.94166277942053655536
1642661147.969863415 0.06531737230059238286 -0.00709946999745148053 -0.21566601123295411901 -0.05259208844689226142 0.31356721242712631836 0.08230660394144731495 0.94452914114446540061
1642661148.269863367 0.06505893782161506489 0.01320603201344367969 -0.20526433839703078776 -0.03611644632254284309 0.31645828465368158744 0.07284375698326595039 0.94511562438023599686
1642661148.469863415 0.06740388673108715922 0.03448497113890636873 -0.19873040035972952544 -0.03182871808569148753 0.31479514873161662525 0.07417067516010684980 0.94572176563001597582
1642661148.636530161 0.05607834225628784836 0.05573947101962833939 -0.19561594717746658145 -0.03778721552029912223 0.30827417871276191486 0.06317207646344559502 0.94844527825146096589
1642661148.836530209 0.04791453523736236009 0.07940075249490723130 -0.18373459232242175809 -0.04229367853050633452 0.29524733302787153910 0.06452183816395876126 0.95230099731977146948
1642661148.969863415 0.04535370010128365187 0.09594915404552467608 -0.17712055527108225284 -0.04995876763743817284 0.28480101696335702322 0.04819025414711951977 0.95607018658570364078
1642661149.269863367 0.03976072740834746960 0.12531413223224208142 -0.16476693980199053069 -0.05547149134761059086 0.27086548506176655327 0.03279594177320914461 0.96045782252691047631
1642661149.469863415 0.04805257250941831482 0.13932713559769682732 -0.16225267963602005294 -0.05641972182325545593 0.26673645445594335035 0.01651499176695638699 0.96197491334264861873
1642661149.703196764 0.04555452367688787169 0.15763773969497815730 -0.15429364910277626466 -0.05524406139184753761 0.26763229257169962594 -0.00552201315248308875 0.96192024462763736636
1642661149.936530113 0.05331103934069397060 0.17367019165562583294 -0.14709693123382536206 -0.04435997829093155792 0.26758063491270067669 -0.02672664423721959892 0.96214265191475689676
1642661150.169863462 0.05293849119185684016 0.17819343245227045602 -0.13378122477925730172 -0.03216027081348838551 0.26484759336340546465 -0.04012081649535641226 0.96291837107543087892
1642661150.303196669 0.05860373113515549709 0.18346127666964068270 -0.13218143810017177198 -0.03032940094121598651 0.26226007293506548024 -0.05465389016243894782 0.96297078557594528725
1642661150.469863415 0.05158131618764213305 0.18946576182286783974 -0.11554165526519719065 -0.03492600192455013602 0.25478428808399400385 -0.06197282795021246543 0.96437778361540038574
1642661150.569863319 0.05090715604728118099 0.19645056279579026226 -0.11095709090588666557 -0.04031868891786059839 0.24965930405291927863 -0.07344347465990920532 0.96470238480768566447
1642661150.736530066 0.04522060559731147511 0.21142210668552743891 -0.10588328797631380018 -0.04719361209417978487 0.23198953879795086719 -0.08915295123638554420 0.96747370411379185473
1642661150.869863510 0.04094835615943655943 0.22527043165949869885 -0.10337221275717618785 -0.05416380314320490968 0.21986117890376302708 -0.10199845816477581817 0.96867107883539094182
1642661151.003196716 0.03461441645311041232 0.24106894498458800169 -0.10449673903355131965 -0.06126824697168606337 0.20786825060612224014 -0.11289064387778334486 0.96968690556685677162
1642661151.169863462 0.02503510987901124210 0.26021365783144095873 -0.11276808632772561403 -0.06622957634112439096 0.19334275856419974593 -0.12116574560689621909 0.97136557640261556035
1642661151.469863415 0.01269317734029256142 0.29859406784821512781 -0.12978510634540954549 -0.08785862230025641428 0.18565553282237531874 -0.12466134892635256926 0.97070718226651797611
1642661151.569863319 0.00854918867222187288 0.30622829444716231917 -0.13803560379631626964 -0.09150813685751194027 0.18816757510261447606 -0.12198973470258124563 0.97022560736978213924
1642661151.669863462 0.00844849957661106959 0.31576425677104191791 -0.14863638770621653840 -0.09344541679055552719 0.19339486375242634364 -0.12454472439417443863 0.96868725209976769275
1642661151.769863367 0.00862115227281451228 0.32290523716241592567 -0.15906854354964530818 -0.09599857261777908213 0.20038082011444341424 -0.12397685559773462260 0.96708921008442161327
1642661151.869863510 0.00740187125915951413 0.32818396566595092745 -0.17018109839630013447 -0.10145206188483761600 0.20607691480870576894 -0.11914240919702102917 0.96594247792141851860
1642661151.969863415 0.00747288965415272410 0.33149467912622287979 -0.18372426098891125879 -0.11066529337123967580 0.21041654109691459995 -0.11270296677415642117 0.96476738821136120983
1642661152.069863319 0.00756867633682239450 0.32958513204195222235 -0.19786858522659303561 -0.11813661335441860700 0.21655618891319500241 -0.10631867176754714044 0.96324633280491944731
1642661152.169863462 0.00839236917638009651 0.32421962005504195714 -0.20957794845731761435 -0.12232177576773288485 0.22744163159670277574 -0.09041278491751311708 0.96183845614173568705
1642661152.336529970 0.01033632337589155542 0.31566596168602328865 -0.22681740183287063539 -0.13175097404165003745 0.23569626712257166212 -0.07326812330445667265 0.96006287950894375616
1642661152.469863415 0.01279532324938615663 0.30536299634481556264 -0.23837260007374205806 -0.13855038015789053474 0.24258705790668788627 -0.06257790863327876429 0.95814368277694461629
1642661152.603196621 0.02486549703190274116 0.29009626243219432951 -0.25529452586586337537 -0.14198380368973292920 0.25456016088118760266 -0.05136632510390850420 0.95519695593487885521
1642661152.736530066 0.02002644895900106484 0.28571097036715370487 -0.26230086052863305079 -0.14859626138364295800 0.26457286682983349735 -0.03729719279552810851 0.95211830601549751751
1642661152.869863510 0.02394912554537335925 0.27731639582336359284 -0.27242342459692664436 -0.15712602225175445469 0.27413547187180803411 -0.03329537067256261446 0.94818382947861912236
1642661153.003196716 0.02944728671841251311 0.27144171118962373557 -0.28442997654941798436 -0.17236388485610973365 0.27941894313957210683 -0.04046712656229114330 0.94370448609713930566
1642661153.069863319 0.03178437270413386057 0.26713076290652626454 -0.28983439559837737010 -0.17806146866071689838 0.28092701321750873644 -0.04613118573033930109 0.94193738662725934319
1642661153.269863367 0.03366315909147740704 0.24946033832577460543 -0.30309757683095983616 -0.18808382339775095438 0.28114786746740777490 -0.04150752493053700559 0.94013694607155684491
1642661153.569863319 0.03232600534136963188 0.21935587799556141575 -0.31511853548843360429 -0.20646134253320677643 0.26809702722719619405 -0.00745970236162829276 0.94097930416773878370
1642661153.769863367 0.03537635639158742684 0.20108300303663823039 -0.31964593247927930442 -0.22814009016603009616 0.26347230382643876956 0.01090895049149228496 0.93723819767154092908
1642661154.169863462 0.05424884684806756396 0.17431581935750137258 -0.31876058361947812170 -0.24612353918768717365 0.24987429060649038459 0.03023810262812738278 0.93598701887423685353
1642661154.269863367 0.05602778331246865279 0.17617774600392710482 -0.31443238636324954971 -0.24231030583763646380 0.23909796652595155519 0.03467629475468267386 0.93963579788666651282
1642661154.436530113 0.05620994423307902610 0.18635448495496884092 -0.30648609802278353742 -0.22746495580358319644 0.22377306556256831849 0.04321742039803440349 0.94674049431940110466
1642661154.636530161 0.04702032960095765129 0.20328422443641541717 -0.30339085435896795406 -0.19636590550751853446 0.20925923416185285286 0.04616042364251612268 0.95682820786249322964
1642661154.769863367 0.03606737592452997909 0.21569873485477483732 -0.30234417541016794795 -0.16958766073765693672 0.20942554189628564965 0.05092035466889042322 0.96165902751826282113
1642661154.869863272 0.02773942243019938275 0.22494884018286842586 -0.30221247479267276947 -0.14976452370508286371 0.20993756205162322770 0.05735555194429547282 0.96447247142693282029
1642661154.969863415 0.01947879069697076165 0.23482352410193996217 -0.30117486406796661891 -0.12901156145526501695 0.20744056317923240118 0.06188250030976412408 0.96772671034449042615
1642661155.069863319 0.00946618652830817989 0.24170212297276094660 -0.30427772610828124344 -0.11254710406908613463 0.20328613408486201353 0.06381722692027438915 0.97053349174703906765
1642661155.269863367 -0.00292017151344082073 0.26412444540429030893 -0.30283075412636595303 -0.09801618755232176239 0.18939741074941923715 0.04248601259713540718 0.97607191667044690409
1642661155.569863319 -0.03118055557656733770 0.29018395622956633106 -0.28451233696663769113 -0.06489653082396691641 0.19188457621312007828 0.02462066045789433263 0.97895994441914846451
1642661155.769863367 -0.04487106852143764313 0.30569158970127935371 -0.27354121687331672819 -0.03502037123814172315 0.19225554128829663858 0.01720949658072710997 0.98056882148563373480
1642661155.969863415 -0.05522722128976569750 0.32882166090732128927 -0.27202861850709919578 -0.01467865037794555474 0.18625291672607316440 0.00208162958585916390 0.98238997096488100969
1642661156.203196764 -0.05325206399932780332 0.35541644577517106374 -0.26734104044760376162 0.02247971421464037972 0.20010658281412943560 -0.01868840775858211442 0.97933791991259533383
1642661156.369863272 -0.04472052189560474927 0.37136412321393413860 -0.26097273987442121124 0.04658373088986036969 0.21055237463141324161 -0.03647054214072905504 0.97579073223177081875
1642661156.569863319 -0.03439834716386055286 0.38729063780670885953 -0.25235807862090575693 0.06116494472010896438 0.21682587241351025664 -0.05760577126183460267 0.97258776761114751341
1642661156.803196669 -0.02618925827251361235 0.40454221733596346100 -0.24253340345116866650 0.07863756781051838007 0.21859141827436298633 -0.07574440437246057756 0.96968897590511449192
1642661157.169863462 -0.02167597901282790687 0.41913791484575119162 -0.22490542125613458002 0.08920462363268211181 0.21255146974344912847 -0.08779180018827457965 0.96910113386176222061
1642661157.369863272 -0.01468321539476060561 0.41702569550506896068 -0.19761840192525204074 0.09372860554567159774 0.20915526556034189087 -0.08786720326775519785 0.96940619864984856058
1642661157.469863415 -0.01298131214427927782 0.41505848348433871386 -0.19366344097394402879 0.09149824031844891459 0.20721605636060552724 -0.09795453069642651167 0.96906887676832786926
1642661157.569863319 -0.00882963996059606473 0.41436535981810457274 -0.18357443606815179726 0.08561879208965986199 0.20655827062472631450 -0.10564218716298309775 0.96893902365889417183
1642661157.803196669 -0.00767971656789117468 0.40988201700780735326 -0.17189386399597436639 0.06785180702403730002 0.19653056104759189515 -0.10219086158818041499 0.97279437635389154337
1642661157.969863415 -0.00748461191946161314 0.40302750342824095187 -0.16517317826650684820 0.05302475983684210720 0.19097171371810320317 -0.08633996949684615008 0.97635218495740538902
1642661158.269863367 0.00066600042015661244 0.37824138757499259356 -0.16887215396040744508 0.02931703384371519769 0.19931874880545441542 -0.08425938810862944328 0.97586520760645723005
1642661158.469863415 0.00434111402329089274 0.35946325361743602933 -0.17430870523263647387 0.01235380381827710927 0.20098132423402648161 -0.08408747350506901030 0.97590121817727581988
1642661158.803196669 0.00480230795487209504 0.32888987959362614433 -0.18696915917792797379 -0.02173313434153610266 0.20174938380795282011 -0.06203650740160300547 0.97722890294659980892
1642661159.169863224 -0.00629641153933329159 0.28888365535273324847 -0.20687891211401701619 -0.04128768458345363768 0.20187859822049397662 -0.04726298656414731209 0.97739785593344885584
1642661159.269863367 -0.00487430608010317856 0.28185821767346663780 -0.20757098534556100988 -0.04589916687627797198 0.20744162908701127557 -0.04595659978981576910 0.97608873978627019863
1642661159.369863272 -0.00696031219860322563 0.26976295048586351744 -0.21808539748215208243 -0.05078769387137398172 0.21313871792751659662 -0.03714400094653138445 0.97499375396210929967
1642661159.569863319 -0.01238326178540498021 0.25355586223865483886 -0.22998294330977486766 -0.05826092949477067878 0.21837417044852780457 -0.03684909165159373085 0.97342720848544972423
1642661159.969863415 -0.03383686105925626936 0.22099449174620877656 -0.24472575883845473776 -0.06457072481521590468 0.21699942369190097780 -0.01153866085859863583 0.97396546700579211819
1642661160.069863319 -0.03453624554993271756 0.21343736839787394444 -0.24805933923423489906 -0.07070625780631792368 0.22438627247131778808 -0.00188857407620839687 0.97192996616084059713
1642661160.269863367 -0.03190169270374447474 0.20074936689733469120 -0.25218125371362343223 -0.09652719225267870906 0.23284021514011110643 0.00685671990856371108 0.96768844199019798946
1642661160.369863272 -0.02756766749839788602 0.19223311611240775920 -0.25084244546473771775 -0.09915054644666444761 0.23697991286960412571 0.02562096718460150219 0.96610209402328084405
1642661160.469863415 -0.02394498783218414195 0.18465539216848028681 -0.24792784636593803715 -0.09491330865577463083 0.23736831126727003793 0.03763593211752278012 0.96603896673984290810
1642661160.603196621 -0.02616984154392766604 0.17367966309423224502 -0.24513117383102234204 -0.08127349634652800137 0.22858546381242678125 0.04936964622019798798 0.96886838247378115341
1642661160.669863224 -0.04057128207884010129 0.16920778253664423008 -0.24287976456021198590 -0.07220618945131457300 0.22310669827665552400 0.06043817696018323471 0.97023548386705582569
1642661160.836529970 -0.03621321711289925832 0.17043708689532208189 -0.24667714786358221901 -0.06435984147173286207 0.20946628335544231758 0.07399547731859366928 0.97288558231653554653
1642661161.069863319 -0.04508184685595920810 0.17633751277221512699 -0.24266049907276202036 -0.04670519874833858887 0.20154536601617611957 0.08001652665860412017 0.97508740393298931615
1642661161.203196764 -0.05010427689829904940 0.18440135799919665782 -0.23648509318302482485 -0.03475269127472743053 0.19646612257653520150 0.06738349207211632996 0.97757494757439045152
1642661161.469863415 -0.05598210639357482921 0.21228514382552216011 -0.22439038472207031849 -0.01466057913411411562 0.19579487585900451352 0.04348777242772742385 0.97957044037480200949
1642661161.703196764 -0.03921481231720095467 0.23766414358543128116 -0.22011071979023938416 0.00807072510091778363 0.20738831783155589616 0.01672345919289058500 0.97808244792346965557
1642661161.803196669 -0.03645748615067653103 0.25060791430071144292 -0.21570390985980289478 0.01379768933425604312 0.20693224013712607778 -0.00032292302127060482 0.97825792482432183395
1642661161.969863415 -0.03024567245443688865 0.27375803663226883078 -0.20817881285836090099 0.02318123311133326453 0.21004271762562171100 -0.02319327644867744120 0.97714213865305010742
1642661162.103196621 -0.02445889544564918555 0.28576291381048168905 -0.20198809556505870066 0.03861824707161984338 0.21200694985378776281 -0.03989656151143796542 0.97568947344243339703
1642661162.303196669 -0.01565482200592567888 0.30031633434421689532 -0.18911527931303073746 0.05755007033530458449 0.21409935048732239848 -0.06615884611348546440 0.97286816404189135898
1642661162.569863319 -0.00537455742720441710 0.30864429647942620560 -0.16126092787813381402 0.08200208571699944826 0.21891015705795222046 -0.08021945299372947036 0.96897824559497280905
1642661162.669863224 -0.00528963486592684117 0.30758475496098702795 -0.14667990533713917700 0.08326672169855080241 0.21358677883139193243 -0.08005859277952727393 0.97007111218104413730
1642661162.769863367 -0.00217876908396878732 0.30727696513709423787 -0.13112675703155216023 0.08018525081968280732 0.21198713631178128791 -0.08945467590140647463 0.96986062944563800059
1642661163.103196621 0.00694050456180452316 0.29233594363193171617 -0.09697056510274987273 0.05647578560161795047 0.21955990160963193003 -0.08470069100954806529 0.97027301734530058130
1642661163.203196526 0.00838864181673532397 0.28444607983265046691 -0.09613451164198283383 0.04839735672511064069 0.21669751915026622124 -0.06653563988415332753 0.97276558824896175448
1642661163.536530018 0.01349815579454347915 0.25942814865335056540 -0.10599296961447017551 0.01454564840172601833 0.21979630081830678345 -0.03704871273692774553 0.97473350365302335874
1642661163.769863367 0.02049901086465857197 0.24798394673392984422 -0.12053302148610151034 0.00079032804841306693 0.22475407011480100228 -0.02019970435204658521 0.97420580746190221788
1642661164.003196716 0.02659961920543946548 0.23493127619970144426 -0.13525666302368638538 -0.03010963992405313316 0.22012287919886136534 -0.00499627610545239510 0.97499454606778468424
1642661164.236530066 0.03275779825053268257 0.22174852125102881284 -0.15338766617602983544 -0.06143952771095221449 0.21798607043503945291 0.01025230360771911889 0.97396208745601609014
1642661164.469863176 0.02996653648245685073 0.21694751356164668210 -0.16620161956407925041 -0.08528449986811251216 0.20454072221972283141 0.01499344339252103170 0.97502043244811820166
1642661164.803196669 0.00582901003812667882 0.21161613219954489296 -0.19378845619187198834 -0.10145040955686020212 0.18537856064968091796 0.03332602228059396848 0.97684798197629052474
1642661164.903196573 -0.00191368588922799206 0.21064486918696770368 -0.20419805092212817144 -0.10557917188342143266 0.18297460458071651557 0.04234712117429568351 0.97651423638940915151
1642661165.003196716 -0.01012254967837279349 0.20964233877541316176 -0.21649210249506548043 -0.10978379475537394794 0.18186792470232035490 0.05451583789147871478 0.97565342196528537233
1642661165.069863319 -0.01466263898249946067 0.20953868141524864543 -0.22450146005448709530 -0.10921167616575605530 0.18471126394232842416 0.06025699710874451998 0.97484545085943252740
1642661165.169863224 -0.02139763951038970227 0.20930636517817410858 -0.23541024918953301626 -0.10622066896124766899 0.18829833348958172068 0.06785889309304968253 0.97398977290249677541
1642661165.269863367 -0.02924396862224297108 0.20866671718691498505 -0.24704131840623003158 -0.10057842731801756864 0.18752286952800231723 0.07569516896714832688 0.97416086698104076280
1642661165.469863176 -0.03482511628610264476 0.20922561235161296622 -0.27295889101947007349 -0.09679551448796483437 0.18695796048717808202 0.08051193783615190336 0.97426648164213902614
1642661165.603196621 -0.03867669699426199564 0.20828398569732489709 -0.29185090975172983674 -0.09205557469715304475 0.18704074282131660789 0.07384454102227198946 0.97523767126441385233
1642661165.803196669 -0.03769328236672003091 0.20512202172965954272 -0.31618168083005177005 -0.07726139936140745401 0.19104782842019268907 0.06720624798514840403 0.97622473009876398198
1642661166.003196716 -0.04690516363796325833 0.20344237396809214391 -0.32114922505041032519 -0.05540316871366419982 0.19841864873819825554 0.06292186472819366605 0.97652514953201263737
1642661166.103196621 -0.03791025817288180139 0.19533046125558384265 -0.32536145661373266913 -0.04755507900518359671 0.20184797385918895607 0.05059483427491746899 0.97695244134729741781
1642661166.236529827 -0.03786049479176614024 0.18819473577417158983 -0.32695643789060307993 -0.03852366066690465773 0.20560624006289365817 0.03517015073262078073 0.97724360428373513443
1642661166.369863272 -0.04073447058241685959 0.18256169320596249417 -0.32073045641104358516 -0.03055017546746982560 0.20723829104395272149 0.00850861963986667899 0.97777634502779464665
1642661166.469863176 -0.04288373385687711814 0.18268566367499919356 -0.31058292725968389414 -0.02229314324894114685 0.20871172587270900300 -0.01084271608490997886 0.97766296173846101158
1642661166.569863319 -0.03954100616520760114 0.18879805460590584620 -0.29310281073918714734 -0.01407463277662288244 0.21109236524613086972 -0.03335982634438205280 0.97679529075096893642
1642661166.703196526 -0.03691661778541875660 0.20436344692871352691 -0.26452782046118289427 -0.00070891194314133467 0.20996235427880316493 -0.06416342796735084730 0.97560153840645291723
1642661166.803196669 -0.03288137637709414446 0.22127366569315587430 -0.24376886148991858128 0.00591318294526270698 0.20939254994273562294 -0.08473905870288724052 0.97413504516883253626
1642661166.869863272 -0.03806650955399160097 0.23393045450435176469 -0.22276538439468973607 0.01002574521102185361 0.20929116086842958211 -0.09701122212173546311 0.97297765503517918972
1642661166.969863176 -0.02075965456681436172 0.24772885544106085232 -0.21457757339987371115 0.01745293338353285512 0.21258637867545443489 -0.11514602928882879118 0.97017720992454903328
1642661167.069863319 -0.01663894047615547406 0.26583921472531957253 -0.20170968528860130919 0.02344159211243007288 0.21885367611141892663 -0.13250073327902386899 0.96643526213206520925
1642661167.369863272 0.00617240093325666442 0.30292830980216112202 -0.16923867856500840468 0.03865704025684860157 0.23074919398048057695 -0.15014801360158960830 0.96058108284904075713
1642661167.503196478 0.01357894571192508164 0.32420990145614114741 -0.16488443368686853119 0.04396876445117715165 0.23222126735694353927 -0.15056293112420895963 0.95993272395051654211
1642661167.669863224 0.01979963363922676578 0.35071270968146062152 -0.16118840191206973422 0.05031941836841282573 0.23137739142943639092 -0.13728701239499549458 0.96181325375461024230
1642661167.769863367 0.02417341113988967158 0.36695352037413864199 -0.15576276064860880566 0.05605117617903612737 0.22988115974750358839 -0.12999825756631533391 0.96286726555211721301
1642661168.069863319 0.04668325480853698084 0.42631954554225154341 -0.14306353562032675386 0.06715230099692395815 0.22272994407556312435 -0.14389450420995505975 0.96186085903372031680
1642661168.369863272 0.07302909236694019035 0.48620242764165744198 -0.16014697818684731079 0.04743527747912851256 0.23024137380584383528 -0.15954716021464379616 0.95879273459174607641
1642661168.469863176 0.07705442962920409922 0.49845860851270817893 -0.16711898553350612584 0.04615648010209464497 0.23428786700130360687 -0.15715199442754568260 0.95827033000506134375
1642661168.669863224 0.07803272936120510261 0.52152253347292398811 -0.17796845463375815521 0.03806212419470620528 0.24105232836407258779 -0.15371419542934597335 0.95750561137549217161
1642661168.869863272 0.08147441614981815183 0.54023583179916390140 -0.18148430199358089876 0.03437450950356421564 0.24932196842460241371 -0.14270244148375627047 0.95723192714819438365
1642661169.169863224 0.10215554004829606460 0.57247672687212980414 -0.19075000050854815092 0.00777695376658979823 0.25554210313703246138 -0.16830021198630779056 0.95200461719456930254
1642661169.369863272 0.11146643177269258129 0.59566791215602576948 -0.20322860444369819644 -0.02870433600109919756 0.25088876750244132330 -0.18067337720338472185 0.95057246867651568056
1642661169.603196621 0.12326291030543272409 0.61796999071480018806 -0.22183352219579546838 -0.07036368422808790546 0.25342886102019224204 -0.18923846786228884498 0.94605050955273606306
1642661169.769863129 0.12951114272863001320 0.62175589726670532631 -0.23010736869667802740 -0.08096867169492132088 0.25511965507447864621 -0.20292432512212291162 0.94190219984474510273
1642661169.869863272 0.13343736789865853765 0.62288790982374386829 -0.23604707640825670079 -0.08927890883355608931 0.25619210602367625818 -0.21627681407250318180 0.93788017408584289925
1642661170.069863319 0.13233019576623994418 0.61811243965022211189 -0.25149145596991945295 -0.09408285384322934153 0.26560913206296449252 -0.22854853427176882730 0.93186145593628788575
1642661170.236529827 0.12706069082656509805 0.61500982942021864552 -0.26324372260111617017 -0.09762418801884371888 0.27993480287159960840 -0.23133457242069566107 0.92660149992207219150
1642661170.469863176 0.11444363840529966914 0.60974975766835992630 -0.26405916098468834585 -0.08752442248758629528 0.28286287944863580668 -0.23385121233153999265 0.92608945431276246119
1642661170.736529827 0.11075992562595893265 0.60366284968987160564 -0.26122383715522995429 -0.06700400560348172829 0.29331522819592165119 -0.24597784016627066705 0.92139651740637684707
1642661170.869863272 0.11527425109072510223 0.59182928452579841583 -0.25608041459852731725 -0.04705661972096136791 0.30652482305896072701 -0.25391625653391419748 0.91616305429596600618
1642661170.969863176 0.12182275289283413244 0.58241139978292089108 -0.25245857745727195987 -0.03137708615997628070 0.31566018185948213626 -0.26385847707356374636 0.91090769682167460619
1642661171.069863319 0.12785989395304675487 0.57073138534352463314 -0.24917326713190926513 -0.01163864703436566159 0.32389201128245065364 -0.27419741957342147476 0.90541387333191192255
1642661171.169863224 0.13453862730397045389 0.55581660919560893497 -0.24325234721979693830 0.00773059964612297229 0.32936360673645775909 -0.28576044080115736712 0.89988933922999203574
1642661171.269863129 0.13726981313678898733 0.54433001287244087152 -0.24142364910068292438 0.02668400893151409367 0.33300039334081049658 -0.30119276157728425147 0.89313023802559587949
1642661171.403196573 0.14106340603825096025 0.52915550541367151194 -0.23513647786965183317 0.05364389941085664221 0.33424119025577736508 -0.31890686574972426648 0.88527033711182623321
1642661171.469863176 0.14175126046477221076 0.52250229239719070407 -0.23165738071638958262 0.06740135145961621832 0.33287569872972810892 -0.32623510788193982313 0.88216862413139118804
1642661171.569863319 0.14424830448311493081 0.51453635322892987691 -0.22488844127225607328 0.08709877826661352462 0.33071827964033723157 -0.33814180648023162146 0.87675500628538449721
1642661171.669863224 0.14565260675684546521 0.51018334571344137185 -0.21776865119473187704 0.10242699858506253141 0.32730649304309622494 -0.34822621095612837916 0.87242058410827472148
1642661171.869863272 0.14564651494039682067 0.51253698628176136420 -0.20002310672374074008 0.12500763682918411557 0.30909471245364067427 -0.36579199307622456416 0.86892448881873918243
1642661172.203196526 0.14171706552494997555 0.54146065372028395757 -0.17169463168286239196 0.14250587275043083424 0.27007479543213064321 -0.38769234023360177321 0.86973923128034413832
1642661172.269863129 0.13968498325375580671 0.55092650540681231686 -0.16575275331503847021 0.13860794317639529849 0.25984315787999701097 -0.38994924724245333403 0.87247289698099173005
1642661172.336529970 0.13819014180466418495 0.55913519097199315677 -0.15751480064088116406 0.13368580715405001258 0.24999253248644814906 -0.39171714247661543196 0.87532252282032441126
1642661172.469863176 0.13754094380813752796 0.58330638618473562573 -0.15192025955243357305 0.11930901947328759194 0.23438008104514695962 -0.39403379037884223024 0.88066378801519695774
1642661172.569863319 0.14071265981329578176 0.59861829680394573749 -0.14725625479581308519 0.10598399078624148872 0.22849367387569075039 -0.39302277979462368895 0.88435916304311457115
1642661172.836529970 0.16085869987363460298 0.63535268129255706437 -0.14394204937729554450 0.06995784929884252268 0.21919294157995380945 -0.39969655868943054777 0.88730097185500367285
1642661172.969863176 0.17516821449812508549 0.65169485442002927922 -0.14605209009851449764 0.05057744274225788039 0.22160545732534736585 -0.39978158760162546548 0.88797951878632941369
1642661173.169863224 0.19210207460275863234 0.67421556113311242875 -0.15176521697160949564 0.02391905529237043498 0.21937403581097658645 -0.40004292339742020257 0.88953278222085252480
1642661173.369863272 0.20305786618761326179 0.69158356879899662850 -0.16088864991960130646 -0.00096105652939720647 0.21717546894162387261 -0.39233004974543450594 0.89381822767667817864
1642661173.536529779 0.21782935269367906250 0.69814748186497033178 -0.17492418545680904485 -0.01911722021537248101 0.23695781149201505800 -0.37705462463157218833 0.89516218503023003983
1642661173.669863224 0.22706147197980838803 0.69624315915113954567 -0.19085859367673838061 -0.02658970087360036649 0.26236996227958170325 -0.36583469874142676703 0.89253569334656468470
1642661173.769863129 0.23032132996445742190 0.69091134100883355718 -0.20418302524588358149 -0.02453350290930834260 0.28077306925400713489 -0.35908349461235927746 0.88973233880401314533
1642661173.936529875 0.23498352245940248850 0.67823572055488789978 -0.22515109093206950308 -0.00535275207327508707 0.31282177565086022319 -0.34837691916833729566 0.88359912115996508408
1642661174.103196621 0.23506514979739157045 0.65718404271240715708 -0.23537279751174089437 0.01981999707046534082 0.33621868140417626725 -0.33829038069768074815 0.87870574387469557731
1642661174.203196526 0.23038559976214584291 0.64660067377585306314 -0.24234831832337880297 0.03683279233899081767 0.33972280753081562921 -0.33529110077189638872 0.87795879014624778058
1642661174.369863272 0.21896069027882916758 0.63125357078220423190 -0.24933346254868968273 0.05529439305693831241 0.33544808306793011399 -0.34554039459349999985 0.87465361679163267095
1642661174.469863176 0.20930963327702609145 0.61543915644370716933 -0.24628587008711425033 0.07494530123914859565 0.33393547782347454689 -0.34375877924369074856 0.87447138327441475969
1642661174.569863081 0.20089986023672934401 0.59937170272608475408 -0.24144390728734915763 0.09057279742404640566 0.33269476361810418341 -0.34853055272501398676 0.87157169323301952879
1642661174.669863224 0.19530034248255503937 0.58704973832075713069 -0.23702605886760996778 0.09593729622548143043 0.33708365656046529457 -0.35446641512774329508 0.86690495685470436715
1642661174.769863129 0.19126068327585796225 0.57859450010414315013 -0.23211301746765311549 0.09393497046076480783 0.33424646196065288528 -0.36822038655183925160 0.86247856258514343786
1642661174.869863272 0.19116707654207024114 0.57014777884953282694 -0.22555675603523325790 0.09637575541211232388 0.32996041869324044260 -0.38114606618012858430 0.85823394951489728744
1642661175.003196478 0.19560094718492054833 0.56017198084979602513 -0.21323735624044815040 0.09488795470755002903 0.32630376056686416497 -0.38235265832750098269 0.85926048236913221690
1642661175.069863081 0.19824146170940104561 0.55811955773632238031 -0.20679082062413545184 0.08663712507835603926 0.31995765651055635415 -0.38805995062987519439 0.85995963935266683809
1642661175.236529827 0.20247388400986157664 0.56024712462087378206 -0.19461555845699926581 0.06725062545243955248 0.30011776593492933696 -0.38976503090264957851 0.86803796036345048925
1642661175.369863272 0.20374472925447698057 0.56817877759229018508 -0.18583047433823682293 0.05453159965429596467 0.28212364097378039851 -0.38071045391736341168 0.87891530087994040876
1642661175.469863176 0.20214495762909776011 0.57793008543755752804 -0.18032340515924641378 0.04359827808896556134 0.26027184543956322083 -0.37510351055308432944 0.88862540645083598623
1642661175.603196621 0.19859077195317950681 0.59056710532706147010 -0.17627916176661870273 0.03402891961962180301 0.24081987573938054559 -0.35562931189992841308 0.90242762180463764743
1642661175.669863224 0.19820027581625065949 0.59939904848047609320 -0.17521072788347194504 0.02637851018874199857 0.23595295753114914339 -0.34564551588320124864 0.90783233770468974022
1642661175.769863129 0.19742603081812262755 0.60935621341771373238 -0.17711862292208491176 0.01628722914182015660 0.22538012083354305726 -0.33555544250990387845 0.91451685184140918405
1642661175.936529875 0.20091345394346657449 0.62452607042755936551 -0.18104533599119138065 0.00743405734714861453 0.20909300285053022961 -0.32692059424578578941 0.92160065972648352872
1642661176.069863081 0.20881828280731440373 0.63618769059926605358 -0.18168527695344743877 -0.00127479523017199324 0.20134012182028179772 -0.33402819108829245875 0.92080709043794750635
1642661176.269863129 0.23039980315682920264 0.64411406935972026488 -0.18857082313582704258 0.00238682384205594639 0.21234265771327712202 -0.34682111289235845186 0.91357540161680961255
1642661176.369863272 0.24518977771052111181 0.64453147986824133042 -0.19436958566020681727 0.00143318684535053017 0.22603924849941720021 -0.35127197716547026163 0.90857702049498600960
1642661176.536529779 0.26597835275418491019 0.64034175970219098240 -0.21337365199966354390 -0.00445239603489623430 0.24846716554123102205 -0.36869687680168816701 0.89571583487964290260
1642661176.736529827 0.27356149090062309437 0.63071001766710288461 -0.23162764587895012802 0.00353074071603885851 0.27399571087665020030 -0.37577734797948952883 0.88527129685576999574
1642661176.903196573 0.25981374605311158277 0.62679275371567277908 -0.24786268225027086043 0.00038329141186344955 0.28064248271284480962 -0.38818791212259101675 0.87780965753765072268
1642661177.003196478 0.24447071756737462356 0.61875882211588495441 -0.25367715819597091986 0.00691004967864905766 0.28376564188541408829 -0.38443343659494666475 0.87843055760065436033
1642661177.203196526 0.21038375593175512313 0.59685064835464063382 -0.25650752535699383738 0.01297582800198271956 0.28982393844571741059 -0.37953439395054250349 0.87851428924068752924
1642661177.269863129 0.19882862531457234923 0.58802398753255435970 -0.25589577484245351613 0.01443810247774180745 0.29052514826988401486 -0.38026280510238036348 0.87794468987247331615
1642661177.503196478 0.15874954998215634605 0.54839754448566635503 -0.25311238196019836266 0.02606889122148975391 0.29121777761792877470 -0.33743782218426593422 0.89478954792135145802
1642661177.669863224 0.13774392920104180926 0.52566607444069557431 -0.24426530711230681758 0.02671932647473122119 0.28663566938291373809 -0.33170888756889088667 0.89838481985057749846
1642661177.903196573 0.11625095769497649500 0.49832320418397896278 -0.23760243518852430800 0.01560591024315726751 0.28489952848053273771 -0.32065843066929888838 0.90319814275592658070
1642661178.036529779 0.10737567209407349045 0.48478827411978597794 -0.23030275724662063741 0.01348936603387508593 0.27918107259995778024 -0.31667799825654885382 0.90641657703627998011
1642661178.136529922 0.10391867540539054260 0.47427792824060183152 -0.22375501415172754927 0.01478130932251205641 0.27462695119750435424 -0.30176931393604805587 0.91285093620877810761
1642661178.236529827 0.10257953252130529165 0.46519216800843665727 -0.21587951207287789379 0.00999965913064997450 0.26877372833519896922 -0.29296553021756510660 0.91751397148948543592
1642661178.369863033 0.10431126858486454434 0.45419248984104942934 -0.20537230762528119188 0.00206442205199912614 0.26348558057143800504 -0.28112673709520985543 0.92278862405359340926
1642661178.503196478 0.10091208878629352730 0.44286590511070444975 -0.19356900898470880135 -0.00400240909563596287 0.25349887592109793255 -0.26430410020254380132 0.93051901820666438336
1642661178.569863081 0.09898461685084766759 0.43914186888120337882 -0.18663614711755793785 -0.00562024773948463768 0.24794595684322992546 -0.25469766877840971375 0.93467658193585090309
1642661178.803196430 0.08871136233251726566 0.43017475127493465248 -0.17250881398047715476 -0.01671453413453373449 0.23583587174195491665 -0.22739765274350060009 0.94466521766979649755
