1642689805.315834522 -0.08943833208034182580 0.29156914867806194014 -0.00439427948437539490 -0.11992968251860482154 0.32369900925291955618 0.40507822902172907487 0.84660938515485684164
1642689805.349167824 -0.09201803902524390011 0.29491843207494217172 -0.00570879910119125727 -0.12086964603140323837 0.33174261692450185413 0.40621339670605965955 0.84280961143122468116
1642689805.382501125 -0.08458353673587606925 0.29004392120392558096 -0.01251130592705369110 -0.12064221923551757265 0.34069789708548098295 0.40533332544665517938 0.83968761640375300104
1642689805.482501030 -0.05230770441834106665 0.27663609518927323450 -0.02090194763513646831 -0.11675910224937233184 0.36842330669060835424 0.39419915824764201195 0.83380969217557621143
1642689805.582501173 -0.02629119313008503045 0.26573041415731069037 -0.03345321410726694727 -0.10725110426959315324 0.39405830872928226949 0.37538418087866975981 0.83204685366896291576
1642689805.749167681 0.01854169630219278109 0.22996507949342670507 -0.04989305269759406608 -0.08163118913565931001 0.42666909617902037954 0.32884049954327793097 0.83854263885994695382
1642689805.849167824 0.05093703347355691552 0.20333526397275122899 -0.05431067176651302453 -0.06086421874529174270 0.43659306370152145549 0.29013131688073484638 0.84941501197547431001
1642689805.882501125 0.06276504926539143436 0.19260346952501039564 -0.05515003622251038462 -0.05297079663514268205 0.43875344977685915016 0.27707043656534846576 0.85318314457930466421
1642689806.115834475 0.12699364270241905728 0.09847514864376635813 -0.04657838531860635650 0.01109993942171335832 0.43669807241773794804 0.18482100106553633889 0.88034810300051158372
1642689806.182501078 0.14257646825053127415 0.06964464056010538640 -0.04349794340769976703 0.02637343116713902064 0.42999390514227309179 0.15696751798880778650 0.88869054342071363006
1642689806.282501221 0.15656424453307465905 0.03222044014485236918 -0.02974125399011769144 0.04366253749894911246 0.41422399980586971369 0.12287376577393060995 0.90078526769064837243
1642689806.315834522 0.15905190527173013182 0.02316175008831466986 -0.02263528081102345046 0.04765279776104938692 0.40702309709428718953 0.11337342019087642830 0.90510103131724584102
1642689806.415834427 0.16413884242748813524 -0.00123204117177294625 -0.00381734829635474449 0.05741968513068003432 0.38034805947677147175 0.09475312070450477020 0.91818308606100196290
1642689806.549167871 0.16385350326875081084 -0.01369654949830545476 0.02345895841713903363 0.06023602962328125643 0.33928345251538838401 0.08408018561604831131 0.93498068534661837869
1642689806.582501173 0.16830746749526573347 -0.02289330647117548967 0.02414176007826817488 0.05998358436418142065 0.32866556865640733642 0.08444735509469201984 0.93874893225190747525
1642689806.882501125 0.15273830668228127738 0.00685487212225269205 0.07390906590026805056 0.01045424419225464419 0.24638601215046165849 0.21017716448981010879 0.94604978797206262797
1642689806.915834427 0.14850294320165227657 0.02039930778045728407 0.08718129480703699918 -0.00200700103791266911 0.24303095292973811437 0.22715769063200899613 0.94304364238969862200
1642689807.015834332 0.14120019962951196879 0.05066208347349895891 0.09288714416240548277 -0.04393974178478350645 0.24148553707292194637 0.27477424551472762193 0.92965216531684646828
1642689807.082501173 0.12371954159503896487 0.07504240526128377886 0.09402920022032656977 -0.07048143096189043999 0.24384658766173100686 0.30764095388599671521 0.91702140273136922843
1642689807.282501221 0.10942127023775263805 0.12374726517774196910 0.06838350044981940379 -0.11951412941758750297 0.26277208426098236371 0.39883238762769379626 0.87040216634719391742
1642689807.315834522 0.09648280279651373637 0.14469637760537570892 0.07385504577842856577 -0.12536856297542445238 0.26566617441131662458 0.40957882662507111293 0.86368361798262849316
1642689807.382501125 0.09577430786932500384 0.15815486297669723026 0.05814804794825528117 -0.13613616659545751952 0.27568363702577070029 0.42445389133298250250 0.85164803208439665561
1642689807.482501030 0.09069881353276269820 0.18303966849868610889 0.03371766370774559318 -0.15464817164781402559 0.29859228316123570535 0.42733731091784377121 0.83923144253540382653
1642689807.515834332 0.09810905519437233824 0.18439444006661295794 0.02733327846990358384 -0.16001606832941261960 0.30591210718366301791 0.42358561588899096284 0.83748902474408104535
1642689807.549167871 0.10758675923677206432 0.18593010066023285543 0.02713022668545599439 -0.16468503212218826848 0.31246401210594509923 0.41821035874530387844 0.83686628392575002078
1642689807.749167681 0.15220568475071455383 0.16441786616841122526 -0.01077103402278795259 -0.16725393181858438929 0.35183819123395831951 0.37365305435435686165 0.84179534594347871224
1642689807.782501221 0.15856111043042533937 0.16031571891478343939 -0.01715638905108721191 -0.16293103153178506437 0.35853165839713641017 0.36144166487057155512 0.84514404203459714271
1642689807.882501125 0.19593995516408965751 0.12917155644241312684 -0.02619919987230024880 -0.14458187521128362807 0.37905854848773729016 0.31392378073248627945 0.85840698859537512000
1642689808.015834332 0.25035529732392547420 0.07369445112798349296 -0.03607277044783233771 -0.10984831939102412957 0.40343467084385314925 0.23611329273072811930 0.87716835675024951158
1642689808.082501173 0.27705176650515206394 0.03912866072227169645 -0.03922161705062471304 -0.08808944471472833493 0.41135442538450733840 0.19646595869061239670 0.88567991595282957729
1642689808.349167824 0.34625568598948980314 -0.08551218234548786656 -0.00495009473770100135 -0.03324596604032710456 0.40144177710555822847 0.07463909146202118983 0.91223254237179063342
1642689808.415834427 0.35241215035044204384 -0.10852762447702464510 0.00997097711414598326 -0.03036897104870407357 0.38762076547200596810 0.06055050161500549061 0.91932665822682979595
1642689808.515834332 0.36782476311548994996 -0.12026912909973930255 0.04469728672833630373 -0.02271979258827642664 0.36077648089131203468 0.05350855942075928573 0.93083885604821070547
1642689808.615834475 0.37391287410622658927 -0.11314953485786166665 0.07620012343038026770 -0.01562651056940714614 0.32710367984181892842 0.06484720553788053676 0.94263133553648259522
1642689808.649167776 0.36981560917582956272 -0.10413616883671279745 0.08961110725693878509 -0.01643044411166318108 0.31484096422282981109 0.07283226583406245125 0.94620329147969506334
1642689808.815834522 0.34333616508287773117 -0.06127555871617239996 0.13074640999317513335 -0.03166131791140070623 0.25844503462154422291 0.14330312649162382788 0.95481303874910905538
1642689808.882501125 0.33730938954993444634 -0.03555038102336274819 0.13847189552751432151 -0.04105509876806449909 0.24679220490656747500 0.17850458251823730915 0.95160086195972370948
1642689808.949167728 0.33175613621999394676 -0.01343290427362221241 0.14235798811884395332 -0.05412285508399625189 0.24350620978512316217 0.21091103623914583820 0.94514124719333358904
1642689809.082501173 0.30533851361410446756 0.02853950734936533395 0.13205764017005072741 -0.07907569887359899852 0.24729696114007407304 0.27482833037274556620 0.92577569404422455079
1642689809.182501078 0.28686786947012316018 0.05534850718136395675 0.11509052659906625349 -0.10237060566990532906 0.25003057077086537907 0.32807792116693601514 0.90519050504164799698
1642689809.215834379 0.27796480357577629805 0.06624858742225653296 0.11047822199805633347 -0.11145246865895118427 0.25159494161004275492 0.34106229322664510795 0.89886308452680752090
1642689809.315834522 0.26935607852759985148 0.09106798445992286828 0.07484967946923228033 -0.13972761983673243069 0.25502417139101718480 0.36186244337675549376 0.88571690530015911857
1642689809.415834427 0.25455926209769674795 0.10534540437158458615 0.04735578713565456038 -0.16514486182252921531 0.25679061463103297624 0.38917553385456821191 0.86909617344690104357
1642689809.482501030 0.22903155669334590572 0.12699840202785711574 0.04470509701757044430 -0.18009684043817975052 0.25693011797358217274 0.41320901340380050693 0.85487446668158473262
1642689809.682501078 0.20348623988579461752 0.16380945312098613154 0.04508541683958734725 -0.19208779576311990622 0.24132827499280323780 0.48607204498841388718 0.81767775406247000802
1642689809.782500982 0.19960321829784269387 0.17204215287107757493 0.06843185531379081254 -0.17142461243804069104 0.22925094121190520147 0.51211961449404974633 0.80980930388233307582
1642689810.015834332 0.26617426933651860965 0.14971549950320192646 0.11770815563939994453 -0.09150035360088826231 0.21237892019865572957 0.48154693738571402450 0.84536112203046365199
1642689810.082501173 0.29816552590417644275 0.13454985922076917459 0.11861503766860417852 -0.07089473929852822820 0.22040870527956316072 0.45967284753500542438 0.85737670356491491042
1642689810.115834475 0.31180836657128629952 0.12664698060003895530 0.11602633930914237059 -0.06235475192955434315 0.22674550981246113790 0.44756433515591148575 0.86277721608080137905
1642689810.215834379 0.35186147910750054102 0.09922681600665078649 0.10550393086403775378 -0.04642179919376858421 0.24937340166268906483 0.39413778795264065025 0.88335345542460630419
1642689810.315834522 0.38574324648315644337 0.07443555871715115679 0.08074115133677702005 -0.04091543945808952948 0.27420671454781003762 0.32230746334903492833 0.90512678867678963979
1642689810.415834427 0.41103778339576324541 0.03997416202245804989 0.04936353286817534575 -0.03838693923897140703 0.29869218105444211853 0.25754021364507367897 0.91814076384204490466
1642689810.515834332 0.41270512421713001494 0.00386287004590605155 0.01230072935155320304 -0.03347615864933516788 0.32022281587517659185 0.20138000492146229670 0.92508528721025995445
1642689810.615834475 0.44110611787196296607 -0.04722443620667141073 0.00232488403697438725 -0.01619504932687234819 0.33481522014013764821 0.14867703515163172012 0.93033952294758059942
1642689810.682501078 0.44890177784274537531 -0.07971239688151073033 0.00093967565912572921 -0.00229057125612034795 0.34112336301393425542 0.10893711285472786054 0.93368212467212874373
1642689810.715834379 0.46006301154221224126 -0.09410196337561128888 0.00405711389401489445 0.00514985060671857130 0.34245528710204575784 0.08942985295402594570 0.93525406001535493772
1642689810.782500982 0.46867113324672449171 -0.12095823366640143237 0.00992325315345411740 0.01791381028703109210 0.33849545900502625573 0.05405756139646280406 0.93924315259140667145
1642689810.949167728 0.46407460506478853679 -0.15982304583251144559 0.05088796359994034874 0.02429290955237683319 0.27587852738858048562 0.00393819790875788497 0.96087740282963240990
1642689811.015834332 0.45980266740347008891 -0.15359575091020274962 0.08027033463510808986 0.01153544023362432225 0.24595743883893639303 -0.00243587141853410412 0.96920892403487479694
1642689811.149167776 0.45832395472527376334 -0.12852939656394923862 0.11601038021050116833 -0.01448642560531636890 0.20619041742099303294 0.00946440668209709395 0.97835887088690220992
1642689811.315834522 0.46328691201653965370 -0.05857931549820607348 0.10929379107675643579 -0.06250826581609456034 0.19164238206342268378 0.03774996858925826204 0.97874452947295265126
1642689811.349167824 0.45285095622334270438 -0.06058864254386654019 0.10410732042342962789 -0.07484744157675257692 0.19471711040570904849 0.05070054676598872989 0.97668447410732162073
1642689811.482501030 0.44762837626798546165 0.00297703584988825987 0.07117151875041698161 -0.12494056962930849553 0.21718897710675305612 0.09953135349979723434 0.96297056650477363959
1642689811.549167633 0.43998323205922479362 0.03364576821415539432 0.04767725021075533420 -0.14312166167429052344 0.22818317817508301792 0.12592533595766738919 0.95477297663971238961
1642689811.615834475 0.42542753862475590765 0.06320025082379368553 0.02154983744544752486 -0.15305323462728281925 0.23650816734705285005 0.16763701391583918365 0.94474145971987755210
1642689811.682501078 0.40574146454590453992 0.09369703511425403475 -0.00658546700583648517 -0.16012554803773718093 0.24695344256062728983 0.21663451144882403532 0.93082935843386394037
1642689811.849167824 0.34249008351988863286 0.17300102709026729531 -0.07569528792504816306 -0.19344995937238620987 0.27387794739627446816 0.31911643129196259894 0.88641563976968940075
1642689811.915834427 0.31357830741888359505 0.19949888681878169550 -0.09170116241208255137 -0.20877221042547700058 0.27590299058978084989 0.36199477928929635340 0.86559313982087981998
1642689812.015834332 0.26632089457352603468 0.22455054120075931823 -0.09918671873466428091 -0.21842950224821558458 0.27278873156704480651 0.41807050317581623267 0.83850576315965741347
1642689812.115834475 0.23453428066785222961 0.23719795114069799902 -0.08336235878677136779 -0.20405212840270781083 0.26715355693903541923 0.47981875931537676383 0.81041079960610029609
1642689812.215834379 0.22303218289697546162 0.24871814871156988636 -0.05833861732156478408 -0.18445468753368871040 0.25441464649959427691 0.52013457083078773469 0.79417232646322288847
1642689812.515834332 0.27720105918641452236 0.28496531464794583322 -0.00774700653062799279 -0.11253052812126873583 0.19631746202901992349 0.42401937831610336804 0.87692867506750971085
1642689812.549167633 0.29218536635494246623 0.28622613894053522410 -0.00439226715106475277 -0.10838337049703052062 0.19793387058615011243 0.40268952987646411401 0.88708306849040974296
1642689812.615834475 0.31807769267873148289 0.28751265491166116961 -0.00620520208009643290 -0.10065509332321778690 0.20107499114970281417 0.35977693187848053258 0.90553738708589404105
1642689812.682501078 0.34515245033494945659 0.29001244687491889440 -0.01326528441567587438 -0.09616281039155889776 0.20869599555460033313 0.31842759635530359930 0.91967524769151809405
1642689812.715834379 0.35966302597526300655 0.28657784714866435527 -0.02688637049625308695 -0.09516791105935110129 0.21627699731467842081 0.30032886821180321268 0.92410491831596874857
1642689812.849167824 0.41293215698179747131 0.28164648953792709163 -0.08818583429797310913 -0.10558850139894346287 0.26366018448719164002 0.24389219002466930308 0.92728149724529496112
1642689812.949167728 0.45055646044643765658 0.27016768721177647494 -0.14776937486623473172 -0.12855888473940454975 0.30157764965331984586 0.21225926970317454678 0.92058108649331649165
1642689813.049167633 0.46566945107465884668 0.25616454516436387712 -0.20304554239721131492 -0.14870696126675414517 0.33804504519360384363 0.21270912745143835676 0.90463617780282812308
1642689813.249167681 0.48270881070565174742 0.23090661942373374993 -0.29231437414206273839 -0.16883855041941389641 0.39268554796141930119 0.20673766757610584355 0.88008587144647565381
1642689813.282500982 0.48935033267783017985 0.21886854951480308462 -0.30272517016300359849 -0.16354098387439286455 0.39900101513161928546 0.21236605058929508560 0.87689976455375895359
1642689813.415834427 0.51803378415017320435 0.18875534095834506365 -0.34604236431950402553 -0.14842713790033340571 0.41893217834763868401 0.23364538195733880466 0.86479769320322941173
1642689813.482501030 0.61423936299465553557 0.13920784511395623007 -0.34363225097459765278 -0.15667375230228788863 0.42161834767005862412 0.22860027184378806098 0.86338474619397642673
1642689813.615834475 0.67834399460267080784 0.10282510390262954159 -0.32098946693115104623 -0.19035183433743096959 0.39474857741752855667 0.19338592812585209124 0.87780500260257998679
1642689813.649167776 0.69070861166429975420 0.09467450071813292289 -0.30756218600783608030 -0.19468494442524633681 0.38747032368936046298 0.18792238027670724043 0.88127731144364407356
1642689813.715834379 0.71493121096397804770 0.06986718913617138982 -0.28341723753342751291 -0.19522467107342869608 0.37259381233087768281 0.18164889715373505608 0.88885592588441808548
1642689813.749167681 0.72309117679428724923 0.04877543085681065177 -0.26306917331622353684 -0.19233609089688566418 0.36392749109537908536 0.17882134675091873599 0.89363669089273378709
1642689813.782500982 0.73278569624701117569 0.03616159573529019455 -0.24423439956620746072 -0.18857360183121163466 0.35609655995746419821 0.17681015197596047783 0.89798296578337255536
1642689813.982501030 0.77018984261424605631 -0.00866183435206753678 -0.13537896699856119542 -0.16348559481962554596 0.30797856060849232440 0.16251167776256916775 0.92304475573115585263
1642689814.215834379 0.78967637016752401102 -0.06286995432790036531 -0.01206349951048018773 -0.11647576033141839036 0.28302551224601585345 0.14234038692303127571 0.94131247252105398893
1642689814.315834284 0.78796616873174385454 -0.09498056547297142882 0.00997613588143255597 -0.09046992240260412488 0.28594523221076634245 0.13670426648177191886 0.94411993986043873939
1642689814.415834427 0.78118746025144458756 -0.10723605184037228455 0.00328368940284245493 -0.07138880732596671053 0.29449971910960004440 0.14208847883013486779 0.94232925127933975240
1642689814.515834332 0.75353857490365772076 -0.11334056592085742232 -0.02205460846741271255 -0.07784921447123532845 0.30195826032795586302 0.11763558235950001551 0.94282690807425906243
1642689814.649167776 0.71123309731632788910 -0.07719291399926268837 -0.04516628078655136186 -0.13104803113959398453 0.27717002011897823310 0.07941921631688141081 0.94852294730348696294
1642689814.782500982 0.66667439659745542091 -0.01940754707365430556 -0.05775200380770800779 -0.20339129565133959310 0.24122989028741084749 0.09263869206131072898 0.94438244033779172870
1642689814.882501125 0.63511848058193842714 0.03376761486386657685 -0.05670127814496524893 -0.26005266763666368135 0.22790577532933475879 0.14363999525125209500 0.92725353565829560232
1642689815.082500935 0.59449733517682790129 0.12418729707492937031 -0.03878287305025720361 -0.26730103067190275068 0.24242504916837145923 0.29067669243580174232 0.88616438374154571367
1642689815.115834475 0.58475688695445837695 0.13363112307665306333 -0.03098384274769641969 -0.25291202164768217253 0.24493821983063576719 0.30412331217701066288 0.88518347745694281326
1642689815.182501078 0.57640623759510778434 0.14852897335697093362 -0.01499750190879632801 -0.21263171520468535092 0.24821561178063678010 0.32444764129283354404 0.88764322326990963141
1642689815.282500982 0.56514601177737089355 0.15212206311507694978 0.00671418042261575330 -0.14093295539432101893 0.24992960449302617509 0.33944394528118004839 0.89579623960682541739
1642689815.415834427 0.54826344967794371499 0.15639482619622221971 0.00547654241254845985 -0.06147039109038610061 0.26696940652424644425 0.33274682654688780836 0.90234598487623463026
1642689815.482501030 0.54073811715579200854 0.16709322812185123386 -0.00656518334557365350 -0.03811611893286100811 0.28571793791917560190 0.32539313365794120259 0.90057300092606329400
1642689815.615834475 0.52416168769556104046 0.18005464164660400783 -0.06479378385583672850 -0.03285224401461816351 0.32902438999660593710 0.31879062475181058067 0.88827710677519755578
1642689815.682501078 0.50356361828965012783 0.18996719244854207154 -0.08435673547844857456 -0.03976925624800090736 0.34513642583640641304 0.31885122214869227042 0.88183510474047066552
1642689815.815834284 0.45395880590342480021 0.20829781508887951214 -0.10508515886741350009 -0.10143494373561458277 0.32010024285526972321 0.33973684835943918081 0.87853608951490747003
1642689815.915834427 0.42931902663206461535 0.22166441045275217525 -0.10692033322337908541 -0.16470818966983000187 0.28051180567929279164 0.34580144095169201846 0.88011686869754035545
1642689815.982501030 0.43160887380544615821 0.22767511333766179971 -0.09990152310557040560 -0.19454375850766925105 0.26291560963627153003 0.34275283643915416265 0.88065237258989526037
1642689816.082500935 0.45916273073364344270 0.22435190905192589628 -0.07452282972880312772 -0.19270544890844598651 0.24620742530770603484 0.33113774888117197825 0.89027765609963205318
1642689816.182501078 0.49945577553280018357 0.20844841082916218400 -0.03351298949560886642 -0.15383242127908022812 0.24035751019503884263 0.32111658564657696857 0.90302158992957748396
1642689816.282500982 0.54742658753488504519 0.18774210618652684146 0.00359632818374132704 -0.10865495227264197753 0.24882089636158832846 0.29524543590049112662 0.91603078303099327862
1642689816.382501125 0.59694685812509429290 0.15449553966258813831 0.02343991559236739686 -0.05626300687012984053 0.28357656606931058718 0.28017934159696000762 0.91537879687950152174
1642689816.582500935 0.67381257492444734947 0.07332927238552972016 0.00073934157154542809 0.00838639899034347366 0.36197510603970461940 0.23514487715306137128 0.90200364615016437320
1642689816.749167681 0.69053698301914134827 0.01187290338151030661 -0.04252858367597128070 0.00959285894014314314 0.39343148320028165088 0.19396970694538570590 0.89860747708423960312
1642689816.782500982 0.68905397515053901092 0.00183422914893788713 -0.04849108814207801765 0.00074463910193959203 0.39127307947843975588 0.18259655485227255234 0.90197745035236187583
1642689816.882501125 0.67588879874075880050 -0.01520111117283146768 -0.04965227105500721189 -0.04512761495365393699 0.35650575989928340315 0.15185145082352793922 0.92076505060195401597
1642689816.915834427 0.67080990699493736606 -0.01786810574177736394 -0.04739295491477926031 -0.06233009665173124686 0.33955918841451832035 0.14979253124457203583 0.92648621910852158035
1642689817.015834332 0.65640628104208864624 -0.02244434941855645571 -0.02890025995790886440 -0.11454084533872101181 0.29100530603073260227 0.15827735140570151073 0.93655997493115572539
1642689817.082500935 0.63762478340231565355 -0.00786744373727142794 -0.02024871432139514066 -0.15417328894287124497 0.26076307304938323162 0.15553431301931744390 0.94023523343043735601
1642689817.282500982 0.62808519480145574843 0.04492838464373413720 -0.00980267794849344967 -0.26259643903106671958 0.24213939384112270758 0.18694344707712834408 0.91513046706651490769
1642689817.382501125 0.63322165157633170107 0.07666521913195750715 -0.02318490754693829786 -0.28335999566797087645 0.28765513098665990155 0.22899817684867293521 0.88573216802376486534
1642689817.415834427 0.63276845617426424884 0.08950534809408561276 -0.03066587510394989252 -0.28439523610856670688 0.29845712755717063169 0.23274935585428713214 0.88083507539067140701
1642689817.482501030 0.62299957138210648733 0.11065146329914249401 -0.04513145004328047993 -0.27986083671570372022 0.30692745128546899958 0.23824706126889422242 0.87790192477117168224
1642689817.582500935 0.59142640674597035666 0.14298217948606170569 -0.06479505439459583294 -0.24879562035417565613 0.30485876853092686023 0.27167247492268026265 0.87826871566267994407
1642689817.715834379 0.53600867282825559457 0.17731897304816848782 -0.08060903623200177393 -0.19445511721021752072 0.31124722297272133797 0.32542411292646367116 0.87144220709611830422
1642689817.815834284 0.49727691494674503003 0.19284013654255907633 -0.07645520434292420175 -0.13276592172419174331 0.32121159550662170545 0.36112058720302203652 0.86532551241654764862
1642689817.949167728 0.47043216841599166944 0.19805424447155114964 -0.05344829554646592096 -0.01721146280258886371 0.33594075120942634705 0.40342849391696500305 0.85093655904593190620
1642689818.015834332 0.47171136081385445227 0.20483729233456193786 -0.05041909174479698719 0.04480726302487386681 0.34522291871222304804 0.41880346831160125687 0.83869964856687950761
1642689818.082500935 0.47952854022938895540 0.21128268793099094780 -0.04862010975412090624 0.07913705594632775009 0.35857355278559249756 0.41321737866701596653 0.83331490541476915812
1642689818.182501078 0.49551414462071280420 0.21952158011640698909 -0.04913150852059332274 0.08922040799719574422 0.38273444063012901362 0.37186901859727000685 0.84099197365959410533
1642689818.349167585 0.52914402012947270304 0.20509177482704052387 -0.08213833590364197357 0.04832104294698835040 0.39891753743614527528 0.30665743504394216146 0.86283897261694619818
1642689818.382500887 0.53479403186324336872 0.19908123008462721981 -0.08976998657669162107 0.03256801287204685175 0.40433105553581094593 0.28998025565527130176 0.86681438232009433431
1642689818.515834332 0.56133923929148854537 0.16316260475195956681 -0.12908322560056970096 -0.04387682813415361843 0.43179176159027077286 0.21611659651187878350 0.87459951708640826240
1642689818.815834284 0.59905220431453709562 0.05412829676332084339 -0.13577071032174864440 -0.14002416114462409857 0.38863308857692369092 0.07415438468361439106 0.90766661500305267918
1642689818.849167585 0.60353791557518199351 0.04584123052393564157 -0.12829644371993112473 -0.14699234781352524259 0.37217935941394164612 0.06907749940279103718 0.91384028866468403063
1642689818.882500887 0.61185118687764317169 0.04050740608662328768 -0.12161503467812952162 -0.15617737959228500388 0.35583256351914538396 0.06492629031453317490 0.91911717950926885567
1642689818.949167728 0.62055336874850763884 0.04381804812608301042 -0.10895562600521986607 -0.17894595021968118242 0.32670215306875027839 0.06279483909565938826 0.92590542619814497627
1642689819.015834332 0.62574017419139971175 0.05640059191746245315 -0.09843731076100335764 -0.20092903110222284924 0.30442897957061187952 0.07748026147299939825 0.92787247504169101386
1642689819.049167633 0.63714132266218359568 0.06094496766854937131 -0.09182651927115080548 -0.20880242632572951211 0.29776422347394571055 0.09102383650592810183 0.92706670480995512218
1642689819.182501078 0.65316064037238041884 0.08312461942089427458 -0.06139904089633799189 -0.20444062712023791661 0.26997671501254133508 0.15818285566574971646 0.92752077470380656088
1642689819.382500887 0.68407005034180146108 0.13656813811754517363 -0.03504249991460901825 -0.15544707538660487711 0.25487573204634034196 0.23450820509284936444 0.92513808142986064809
1642689819.415834427 0.68974928332761875627 0.14382719870083804370 -0.03563100456625673679 -0.14972673457028040644 0.26442067295635779400 0.24324389643297983365 0.92113843667297345963
1642689819.482501030 0.69749890166836658878 0.15593164105173779044 -0.04311230251220999482 -0.14483673547569256290 0.29446000662296906158 0.25657914430599332301 0.90911097631892523463
1642689819.582500935 0.69996987252756470710 0.11822607062449802529 -0.06285026355451413249 -0.12650577678126745385 0.32304890453940227069 0.27035052882180560241 0.89807921993698880403
1642689819.715834379 0.66607703960941078147 0.08502543485146484004 -0.08770915824221874046 -0.10622525101270481607 0.32907756117438935473 0.29609786402004217853 0.89036521141696256532
1642689819.815834284 0.62955339772448837277 0.05609757449052272388 -0.10672767473142269479 -0.10709495057823427422 0.32608417310415321877 0.30241979010537678452 0.88923678183273890951
1642689819.982501030 0.58116120804950299750 0.01398823793309937613 -0.07692610153818929541 -0.09358746844172577406 0.32099205649886730640 0.29932416899446923075 0.89365011457005216755
1642689820.115834236 0.57051713005452542316 -0.01498137010369877259 -0.01850051058959663666 -0.06154825937017946447 0.30341051545932046229 0.30872215541083924961 0.89935782736111002933
1642689820.215834379 0.57954862679730789754 -0.01347284888904438233 0.01981385769929381105 -0.06449858387677737115 0.28434944641205511795 0.28244958638280587282 0.91389690674344115084
1642689820.349167585 0.60725865204014228826 0.00195836387319532710 0.05883419054528877395 -0.07256640112948108123 0.26668839705020230824 0.25711390214680651667 0.92601504179400417893
1642689820.549167633 0.65823670703029890650 0.03144328318858836263 0.05318866192958338762 -0.10233853916717008947 0.28932894134211978310 0.21448109055550201862 0.92726126248059148605
1642689820.582500935 0.66328657830819204300 0.03789228861058419745 0.04561861471600929530 -0.10794585229639692969 0.29999873537281018798 0.20766942141307012659 0.92478206251888328548
1642689820.682501078 0.67003046060337123624 0.04454040306173358971 0.01258925830408639049 -0.10997428303795088456 0.33093728000936001310 0.21700196309578267950 0.91175452934595924148
1642689820.782500982 0.66090413414935433867 0.04450128056351859013 -0.02187812726728407056 -0.09923958071657788815 0.35236846585895176265 0.22360264584846387126 0.90332155219333332141
1642689820.915834427 0.65090274805297698713 0.02851940871807581712 -0.05600296136622734400 -0.09449732038094467435 0.37915114522866522062 0.23510926041487859028 0.88996533706643965456
1642689821.082500935 0.63326340189140495340 -0.01191622975153852279 -0.05230011442152730089 -0.07632932924905976024 0.36372968525076060375 0.22477485237522631945 0.90075014032941813635
1642689821.115834236 0.63154945124677197565 -0.02312367218130772367 -0.04480907414680997125 -0.06765878600872501925 0.35139122781372916782 0.22229496093538170243 0.90693519285234625027
1642689821.215834379 0.63650330653566378203 -0.03488599844202817241 -0.01990005449412103611 -0.04707407845288233417 0.31011887407921451265 0.20610100391905075701 0.92689411005853927783
1642689821.282500982 0.64395718563962422998 -0.03640106390566307665 0.00150312204346686809 -0.04121271395261319470 0.28854741371612568912 0.18809424625718990098 0.93790322356378252877
1642689821.382500887 0.66194414463019923822 -0.01704378584139724234 0.02780428916324787988 -0.03316672532574121285 0.27308854946965643862 0.16532439925400832514 0.94709580058779008205
1642689821.482501030 0.67070275056602501884 -0.01302602366893993585 0.05907347517169129342 -0.01595184813833086176 0.27446141363340120778 0.18812881988917143361 0.94288070194189166351
1642689821.849167585 0.63673194891265261219 0.09619287835284823229 0.03440095600788896368 -0.03988627470411625769 0.29724242633904141009 0.29071569771466232446 0.90859254243945031249
1642689821.915834188 0.61937049365078922225 0.10902787501477334553 0.01919167524336043082 -0.04996415919695765262 0.30413679826476430756 0.32260308705622303682 0.89494784147390071816
1642689822.049167633 0.58246821420936445435 0.11207127952629371281 0.00030215649859238953 -0.06522286205071907428 0.31428978352473424529 0.37497573596030536747 0.86969023662388889040
1642689822.182501078 0.55568178999756778769 0.08298503799565436212 -0.01122005578160537552 -0.06221702551985872076 0.30323455860264986184 0.39195339581860744183 0.86634310738343123237
1642689822.482501030 0.58832091183918455712 0.00855216912528473754 -0.00538948971592018763 -0.02586994390939799035 0.28531836293236689794 0.24726245681185199388 0.92562706055251309234
1642689822.582500935 0.62319174124582599195 0.00723848757461128395 0.00207112806627336591 -0.01815904894406174599 0.28123171765529753063 0.20146251434956308213 0.93807879479180766857
1642689822.749167681 0.66930165815999853596 0.04122242764373901247 0.00994905744521153157 -0.01548993975360081488 0.28702289972096428627 0.17218600454742299943 0.94219419263769288442
1642689822.782500982 0.65748879235223767203 0.06322810744523314763 0.00360275722528587399 -0.01326447337160409704 0.29004632981003736214 0.18152012033596481855 0.93954650029847808224
1642689822.849167585 0.65070965754911092027 0.08334341893486779673 -0.00967289837920836011 -0.01369278277101645784 0.29951222082883244280 0.21107725794681111986 0.93035011068512363241
1642689822.949167728 0.62297341029325337125 0.10756812489767077212 -0.03907348215077637021 -0.03467156956270692897 0.32476463810996414328 0.24148713419294315363 0.91378869336222467989
1642689823.049167633 0.59548971009560891510 0.12996745764425293723 -0.07778676072786558371 -0.05930651337740745072 0.35359472858175355903 0.25952138550833891983 0.89671743367353107246
1642689823.082500935 0.58731723483354647541 0.13408523511318498622 -0.09025429510294154245 -0.06628029776002387907 0.36331309079578377741 0.26844000425873659754 0.88969122975267467268
1642689823.149167538 0.56573012387429011394 0.15107943986114874546 -0.11013029536344469406 -0.08073290861075842206 0.37888446208010745364 0.28787566344317566669 0.87581754050639226694
1642689823.215834379 0.54209078081497108492 0.17454055949231639389 -0.12174599263475958943 -0.09776920367274971602 0.38628694447023914638 0.31280879489537394278 0.86219153161066630631
1642689823.282500982 0.51346862316823871364 0.19725137682287843810 -0.12264201473531012587 -0.11284293242391106593 0.38524880754037499342 0.34466376849419361195 0.84856155674062483385
1642689823.349167585 0.48548051834486083411 0.21931482764948254105 -0.11285177340524583933 -0.12617678826792771973 0.37338716861402787561 0.37821058008311281284 0.83762652628124512066
1642689823.382500887 0.47455507813680175566 0.22712878894142982111 -0.10355311026464647517 -0.13053122485775525696 0.36487080671190535996 0.39377884895584436276 0.83352811102058688153
1642689823.549167633 0.45788329535352628730 0.24857318836300107412 -0.04074391678835136837 -0.12520790500492245956 0.31721382962434685471 0.42444168191813730351 0.83877745884700372070
1642689823.649167538 0.47506994752941689164 0.23682968140382940070 -0.01194261888528518230 -0.10544416204334046416 0.29971916721846592058 0.40186527810914340897 0.85880978554223974530
1642689823.749167681 0.49164382417661972591 0.21506381011635314349 -0.01426476480861910492 -0.08078484018321588356 0.30658745709880841357 0.35537768618844572943 0.87930918390837087273
1642689823.882500887 0.51756548606379082500 0.17773919875310414951 -0.05380615576543264222 -0.08284541678490145444 0.36315477027989023773 0.28209474302056863904 0.88412544681219051856
1642689823.915834188 0.52693171601768040713 0.16417005537261522563 -0.05835502971100616637 -0.08384632242204038965 0.37683609556706904042 0.26039878350434936261 0.88496148212423408896
1642689823.982501030 0.54563470457275586867 0.13529562890301685685 -0.07531345380994912408 -0.07807923497338908891 0.39732213210756878174 0.21962276148593298797 0.88758357298947287983
1642689824.049167633 0.56878842635496484892 0.10382512103694925554 -0.07878528072371587809 -0.06342679101811286857 0.40708460444095129205 0.18071786152036886652 0.89308466649909712398
1642689824.082500935 0.58324577653449960479 0.08725173158367258153 -0.07520781827900312189 -0.05486031905991087948 0.40653833014555684766 0.16189332441333303958 0.89750068692202489284
1642689824.182500839 0.61891466447115572880 0.05363778969773781713 -0.04793547559857454232 -0.03370782317856876181 0.38816181633642860005 0.12098411021905269846 0.91299344579765262520
1642689824.315834284 0.64926697235450925305 0.04603341256791308039 0.00342773809482164928 -0.02347258866334645672 0.34616116889680220714 0.12431704467768074640 0.92960569874116438793
1642689824.349167585 0.65333405613458850336 0.04391979149473252547 0.01117929924774924318 -0.02514634845981585445 0.33598000720219128867 0.13342580889341182360 0.93203146376111778437
1642689824.549167633 0.63227359282539907781 0.08666314253774458354 -0.01166917338013075296 -0.08553940054591616104 0.33752287771648686876 0.21827387178293358727 0.91165664307847515957
1642689824.582500935 0.62845016139343434780 0.08697225014508999652 -0.02358797506759619661 -0.09341645046553639919 0.34925962678643135417 0.23013225944201307072 0.90350994628921299512
1642689824.615834236 0.62881401947360415772 0.08705041925595063956 -0.03756054745023950509 -0.09905749340990367691 0.36295657741970055454 0.23917354182743083557 0.89512354052211473565
1642689824.915834188 0.68701313913681549828 0.02572115472534262579 -0.08747475755790880270 -0.03885385530254071434 0.44121152053361334389 0.16033923818884437962 0.88210776029551352106
1642689825.049167633 0.71566871116073171866 0.01672709615647139866 -0.04268668886312920741 -0.01161264817612020495 0.41087693201976582813 0.12634191765372987382 0.90281947972999587737
1642689825.082500935 0.72066249235630419623 0.01869388939077848422 -0.02812848180640713930 -0.00518219080029167726 0.40013704004543987347 0.12777872410102958378 0.90748889345781880156
1642689825.249167681 0.69423973632647706378 0.05994872769774652055 0.03358746015522637990 0.00943765061798436389 0.35162650900640590734 0.17258392627850932532 0.92004593217136443339
1642689825.282500982 0.68166625692374571699 0.07260159311967136209 0.03876521983656447401 0.00619156426062667919 0.34485103414596329774 0.18019000473178894972 0.92117913077491297980
1642689825.415834188 0.63322839336824998657 0.12513245839567782580 0.01995110407169823144 -0.02126468527016994389 0.34962109468777385901 0.22497344029176286062 0.90923036380939892265
1642689825.449167490 0.61897641217269849800 0.13526201147264058089 0.00916136461252957043 -0.02999521078016852138 0.35840192348096533426 0.23348564409308891765 0.90340068772269199737
1642689825.515834332 0.59042170075898925408 0.15879205203223889509 -0.01853392723934488631 -0.04687878038744549419 0.37736034712108401656 0.24473099615402160723 0.89191271315723541502
1642689825.549167633 0.58193880590572932832 0.16766396840030156623 -0.03498250924626843117 -0.05492310136619237004 0.38562615163128488582 0.25113983211063539702 0.88611777368575905811
1642689825.615834236 0.55482203203469571129 0.19520175653830421081 -0.04978749188419344385 -0.07222480599784494859 0.39679705011815302740 0.27623046308719728659 0.87237171531333945751
1642689825.715834379 0.51484369059979406824 0.24247375371067911298 -0.04129270417225115036 -0.09426502122996315014 0.39161708852861903951 0.32642880911756377849 0.85509905526960527933
1642689825.815834284 0.49437838981900644741 0.26994603109710635369 0.00334926789384797346 -0.10484296376666704664 0.35463991730522659296 0.35805229753841638640 0.85734300850349542955
1642689825.949167490 0.49138846022497217891 0.26607511779759418502 0.05205497724402455284 -0.09129988848002014434 0.31380005079082168296 0.33627127680517804320 0.88324146578556250731
1642689826.015834332 0.49846918013372959466 0.25129068643610141809 0.05419739119172396757 -0.07454181174384016950 0.31096322248882235506 0.30414338791933898110 0.89735288050256989401
1642689826.215834141 0.49307728505131409591 0.22689342889166236317 -0.00236769835088063716 -0.04973416069253504268 0.35730580919231519355 0.24438751330004165885 0.90007433877466802574
1642689826.315834284 0.47851222900462025978 0.24236946595138542104 -0.03230138819835785824 -0.06536738699788678664 0.38855783035664992475 0.23829087542457802473 0.88767526487730274987
1642689826.349167585 0.46241328512085672076 0.25633576868180324437 -0.03607478159364342629 -0.07150782879154171656 0.39682497765210184015 0.24131493727930611315 0.88271380898840201557
1642689826.615834236 0.39430213270581371265 0.35876109736671374373 -0.05361028767444290383 -0.12520391331726063444 0.40828691544682360615 0.32844784124904330413 0.84246530512763873055
1642689826.715834141 0.36889582147309341043 0.39662338053266438243 -0.04188364154297733594 -0.14518945966848983975 0.39204472714226434871 0.36577435461680657403 0.83152274426246342021
1642689826.749167681 0.36891472694890498074 0.40726689832184492790 -0.03196820623838463049 -0.14941656146247558890 0.38667408457209356820 0.37534091852148349089 0.82902173576119997378
1642689826.882500887 0.35792433984643823308 0.42887911007790896489 0.00856209947909277597 -0.14636494390798776566 0.36491403458704685381 0.41309156813498582039 0.82144409845831478645
1642689826.915834188 0.36083075197167491233 0.42241541675787591670 0.02219503419497585381 -0.14281002779492785182 0.35702671806558344825 0.42054533115651987485 0.82175351717591282874
1642689827.149167538 0.37421139175106576946 0.40044376434104828055 0.14070041184178741500 -0.10530702442423155174 0.27416151127160193202 0.42310681934077265520 0.85716189589337232757
1642689827.282500982 0.40533755174701296964 0.37308289887111351080 0.19662471777436379972 -0.09081434860426106093 0.25629137237492671808 0.39244392866987881652 0.87866674534997135648
1642689827.315834284 0.41475613908178859957 0.38252009557618704694 0.20686333692914016247 -0.08776171618293732157 0.25736565897939100989 0.38281407619460733338 0.88290100340751609398
1642689827.415834188 0.45169568199030368794 0.34399379039621957865 0.20938749567449543854 -0.06857354798402899576 0.25970916645261210576 0.36154983496962761480 0.89282166988195710289
1642689827.515834332 0.45838807531441372323 0.31300622224781426972 0.16827860135476205294 -0.05179921446869151930 0.26472824005767964239 0.34631409598840956487 0.89850005409911948284
1642689827.549167633 0.45289013028449681686 0.30377105191421305275 0.14953693001569012822 -0.05052387591792778521 0.26878296006039026356 0.33926150506021529596 0.90005815896956453681
1642689827.582500935 0.44129201335702356035 0.30889429410680452337 0.13289549733342484461 -0.05263548902209221059 0.27390895660829139846 0.33163431287683686755 0.90123363857984717384
1642689827.649167538 0.45003315722816383815 0.29556405712697120247 0.09805835417381110475 -0.06432935705270363680 0.28488467733862604669 0.31763737654702595137 0.90211360230249026948
1642689827.749167681 0.45707786836932456920 0.27406227970288415952 0.03853596758362117652 -0.08328497394537039133 0.30070147666591251490 0.29736659423336070374 0.90233881867063137072
1642689827.915834188 0.46047874550440248687 0.23684080064112583708 -0.06288929478605370660 -0.10434958237473924980 0.32876711178085793463 0.28448345403831382106 0.89447890710062072372
1642689828.049167633 0.46004369940153766461 0.20961438094966455825 -0.13903102166188624489 -0.11623179374813032150 0.33962719911964472930 0.28694767773141033329 0.88814670296341691191
1642689828.215834141 0.47468452888403578349 0.16453987558909685673 -0.21235245305473837707 -0.13023726723429604468 0.35306995701125548637 0.27009240937909734237 0.88624485898379512516
1642689828.282500982 0.48913642930015083232 0.13878380158768433006 -0.22297023160720003121 -0.13860459969553001747 0.36956941212883565040 0.25408899957610298070 0.88297564794075933392
1642689828.382500887 0.52586077732089142600 0.09655836205265411198 -0.21691587465888698127 -0.13307099925172355404 0.38730686272754560884 0.24388921455593448595 0.87909246058966028503
1642689828.415834188 0.54012041724705228685 0.08553081626444149210 -0.20712693534809073492 -0.12719477246458524289 0.38732460478306940388 0.23690816762815417040 0.88185920673222650823
1642689828.649167538 0.61052647737250476112 0.00031186585107464753 -0.09584212458551838454 -0.08127001682560971996 0.35819520193813075837 0.19566095128097613087 0.90928992836030586577
1642689828.749167681 0.64166681245055123828 -0.01452364681797611336 -0.03066393612343266614 -0.07305486693272381094 0.33918327822277483108 0.19045656446395742289 0.91833762159898479904
1642689829.215834141 0.56439164990193557703 -0.03014680594991217544 0.05738889224737037109 -0.04464116356775019168 0.22974857127492351316 0.27690348982301998815 0.93195880694174537684
1642689829.249167442 0.55448796534189992435 -0.03407259654632904811 0.04930516551658770813 -0.04404111123813817669 0.23057560114507555382 0.28573080885334117829 0.92911418972562909158
1642689829.282500982 0.54986682360598482244 -0.03341356333145188706 0.04126133663782600991 -0.04368340895395286805 0.23290430887305835217 0.29373846453463642314 0.92604808576194297398
1642689829.415834188 0.56538601790699882788 -0.00832101322407964236 0.01581008822789001927 -0.04593203645059646539 0.25731843963502515349 0.31488423618635447143 0.91242829112902512634
1642689829.515834332 0.59551343764009134762 0.01595514827506652744 -0.00011846605933874980 -0.06257320219414963525 0.27626259675277042849 0.30610591021272964829 0.90887993912035625055
1642689829.615834236 0.64281912623234693793 0.04912982900266221753 -0.01015590228774405218 -0.07530820441276557531 0.29147501307996115383 0.30131955122189357787 0.90475273923298971113
1642689829.715834141 0.66513099147914822584 0.08525730391032781963 0.00250153936367436807 -0.07882193408663792922 0.29543981205467939599 0.29196091440242094572 0.90623465207485842665
1642689829.882500887 0.66873758194377097563 0.10778632029209053722 0.02767599165228750574 -0.07289201462149691446 0.29138385091865393051 0.27561179799350693509 0.91313763608506548497
1642689829.982500792 0.65056703671279580981 0.09213298172173750578 0.02937402482849143723 -0.05926043840505262200 0.29083449941535616246 0.28649050689460375807 0.91094823335309960122
1642689830.082500935 0.62227461542782269710 0.06158702733658536627 0.02364797952222994631 -0.04673738892919238053 0.29300765737174733205 0.30301620404236284667 0.90561763967215169746
1642689830.149167538 0.59947932394765657271 0.03950830565369566755 0.02091684055807997017 -0.04118728344062050351 0.29295073738630245108 0.31173614396952259442 0.90294188610929815297
1642689830.382500887 0.52454033536072475208 -0.01707702096005441275 0.04418616176057928169 -0.02898958426463915314 0.27206225041697518208 0.31851557380088546534 0.90757344890014668426
1642689830.415834188 0.52117311511866637463 -0.02245440527115139320 0.05446678955322832583 -0.02544155126287420479 0.26470574622697490286 0.32086408675785349498 0.90902686055628056927
1642689830.549167633 0.51634760085615438729 -0.02325313500767799829 0.09288579924800302590 -0.01455557078495501623 0.22689769768969897390 0.31419342048401827094 0.92173101535469181833
1642689830.682500839 0.52858081168963177987 -0.00177668639223792701 0.10804872325973778613 -0.02055840923773029003 0.21599573557894266584 0.30611383588078283635 0.92693986509572379173
1642689830.849167585 0.53847863203134438415 0.04402634841286513778 0.08619688676517987813 -0.06273885874188163403 0.22980478622556282930 0.28442096042516384902 0.92863249625587462877
1642689830.915834188 0.53680995085777294396 0.06386234303584008287 0.06328075141692619809 -0.08876146020113898083 0.24949795790405457363 0.28075673727671246471 0.92252253449897003712
1642689831.015834093 0.52575041735697480849 0.08340198800915524235 0.02704599787480306897 -0.11794368613973461868 0.28235186518062060923 0.29319908811534184379 0.90575990519404669943
1642689831.315834284 0.45814832331145577404 0.12734086828037727290 -0.05192111218635184211 -0.13377583099881421025 0.35030517532853688856 0.35731395998110965229 0.85540460904839510370
1642689831.349167585 0.45228621032582050354 0.13224922024348226279 -0.05210209740222544045 -0.13174433832222740004 0.35186415431350848149 0.36748775452861404123 0.85075719009644290569
1642689831.382500887 0.44439885472297763203 0.13798778582016293925 -0.04959532638769460766 -0.12928284709182852330 0.35097430079352121002 0.37830296996949741573 0.84675253087462765134
1642689831.549167633 0.41751577274916357174 0.15418127275843340751 -0.01319905174594845042 -0.11625167316043259758 0.31880917003301362245 0.44324440868853376418 0.82968708303589555619
1642689831.582500935 0.41655497136467811714 0.15381420885262458986 -0.00417214173985078294 -0.11220537205075176157 0.30672449747358965233 0.45444186454134877229 0.82874159355296550533
1642689831.849167585 0.45740357597904818254 0.14347728277894977733 0.04026909803370303659 -0.05954327364196150552 0.24644012739177129090 0.42987173682075358050 0.86656341490847321740
1642689831.949167490 0.48371805771132075913 0.13653532487610095525 0.03219988840558320187 -0.05277868246727234619 0.26388175284092579842 0.39125420021333012777 0.88005737427172714415
1642689832.015834093 0.50256160789026604885 0.11449524657275139683 0.02435372667353717310 -0.04890923843993730952 0.27633741996726318702 0.37351312541013415025 0.88415692151756364314
1642689832.082500935 0.51862431000103248468 0.07960932541419882269 0.00848357378086091359 -0.04846043616670291793 0.28908699638018608979 0.35499969423702454341 0.88772490769496503749
1642689832.115834236 0.52584688880210206374 0.06305011040246670528 0.00260613749866302202 -0.04987899247876419889 0.29567240740509787011 0.34731959216765379006 0.88851506149590497863
1642689832.349167585 0.54598739909404481185 -0.03459784380443368945 -0.05071136717768353480 -0.07792796353320453895 0.33179241174556906024 0.30182999042702929327 0.89035930100518734243
1642689832.382500887 0.55165181626689929750 -0.05153553526616082986 -0.05160813844090281904 -0.07762945332928987419 0.33444151867310284443 0.29555565052048787811 0.89149839933049535023
1642689832.482500792 0.58401629811644606427 -0.09673504384168220283 -0.04485788504741334420 -0.05885144818985623555 0.33775758789385668113 0.29162345802311617771 0.89297932652257983044
1642689832.515834093 0.61296657416101851812 -0.09019121308427828498 -0.01821162071555411377 -0.05050645820033908967 0.33760905981930333652 0.28760641526532487733 0.89484734469417348546
1642689832.615834236 0.65193364782393348200 -0.11833335133996206179 0.00756302282478157721 -0.03595800528278342983 0.32718937304063877569 0.26492613441055179457 0.90634887285837084647
1642689832.715834141 0.68757705533041801882 -0.14124042700508374071 0.03017947644926293957 -0.03427907525843651437 0.31718926537720892878 0.25495663692727787986 0.91280503297014370379
1642689832.815834284 0.70987439247248262930 -0.15307899322481779980 0.04656962021435295807 -0.03793328463952216900 0.32105288878590215740 0.23291285587389423672 0.91719011665376704023
1642689832.915834188 0.71583538416946668193 -0.16600216144874196944 0.03900348868135897901 -0.03769407990726685032 0.32338314868777029432 0.21078954082203069098 0.92172135972036883800
1642689833.015834093 0.70577223799577082364 -0.18030526256865872514 0.02366147790549324309 -0.03111888708982082224 0.33962169164284694567 0.21204485336599826484 0.91581968836279903368
1642689833.115834236 0.69061381145439593165 -0.19053211538527070612 -0.00223457504066078803 -0.02689342005987001641 0.35153878085567502598 0.21244791628751402701 0.91135235358070065814
1642689833.249167442 0.65825549830271912199 -0.18600947555984262416 -0.03240144970248932943 -0.02758367355070647994 0.36554605495892433797 0.21543247125643150142 0.90509892994399343547
1642689833.449167490 0.60233148979654105304 -0.14028317116556954236 -0.03834108072777694942 -0.03611145288735837650 0.36276713353962830588 0.25207359102444615306 0.89641222353437699510
1642689833.682500839 0.57627043631412577795 -0.05815570402578156689 0.02912866512551554043 -0.06828196974460398749 0.28541609504709802847 0.28691927480491402624 0.91189503510068803394
1642689833.749167442 0.57185581266369156506 -0.03449847509263801598 0.05056643003677329523 -0.07926818929987582141 0.26821165040242733735 0.26975629963774366837 0.92141771393829685621
1642689833.915834188 0.53793872007271381630 0.01168858517375214595 0.06369446535890027628 -0.10945785651595985044 0.25060513265624634327 0.22359289402638321542 0.93553314365349093951
1642689833.982500792 0.51535276644506378130 0.01928849970897199631 0.03980895121062127950 -0.12305068895288963360 0.24894776243216615308 0.22401189811140018171 0.93418531835646223538
1642689834.149167538 0.43695268320410851626 0.04026447255619236554 -0.02845057354861610724 -0.17156800287076226508 0.25676672620809476433 0.21981174960555574516 0.92537455305333515820
1642689834.315834284 0.34956468803489382235 0.10183489686384354644 -0.05791170087752568058 -0.21899789834474911454 0.25818575798278109446 0.25183017179152827891 0.90662097894924598140
1642689834.349167585 0.33406173903642233380 0.11065896154159200748 -0.05596456722768761854 -0.22259124878797859060 0.25639785626015082487 0.27039793958126101536 0.90088746774412176155
1642689834.549167395 0.26616593039765701345 0.18722267420245097824 -0.01932062446659369229 -0.23080273175934037932 0.20518475135986519176 0.34093179584566229989 0.88791600244801760500
1642689834.582500935 0.26346579277735104885 0.19992842530594281958 -0.00728837940584038235 -0.22727427173676156835 0.19941235138176574559 0.34482226426304091182 0.88863869237808312818
1642689834.682500839 0.25665014968361854475 0.22487208074978271011 0.02133931909034958788 -0.21270801469072064815 0.19151281050790999738 0.34216679967127655582 0.89498604743337206724
1642689834.849167585 0.27573291297824814583 0.19311803164496088581 -0.00404966409286006135 -0.20446451587600555921 0.20297419505637365189 0.32182214045148033188 0.90190146235829748989
1642689835.015834093 0.26656580879831648367 0.16140900827055787436 -0.06090997192830541890 -0.21286458477646572063 0.26322696814807988730 0.37091562782555059785 0.86476692167444180193
1642689835.049167395 0.26570851933025324554 0.15075689007502168781 -0.06711991886150313336 -0.21321472936497132267 0.28019433468675786214 0.37525957540817683755 0.85744438015287149923
1642689835.149167538 0.28274754196004187046 0.12369640719427250908 -0.07314513185312623844 -0.19058993634130264039 0.30694118700664552168 0.35784924316369737252 0.86104965190837789990
1642689835.282500744 0.31658187831920864275 0.08859960883289291766 -0.03617392599403863873 -0.13958422003669951339 0.27359026208161640881 0.33281061282113322264 0.89157260501009139020
1642689835.315834284 0.33128147040470190543 0.07906561171714515668 -0.02032802804987260403 -0.13234913107765877704 0.26238645432815910219 0.33012806422102747295 0.89702425680789854567
1642689835.415834188 0.35966179280408167029 0.05798830787594023289 0.02960331255857318392 -0.11971801473423236695 0.23291430833885048979 0.31161055629451178683 0.91340975642093613640
1642689835.515834093 0.38232842904559355413 0.03989748346366899651 0.08019964393581276163 -0.10866814056362099350 0.21867444157750312583 0.28531013838700508556 0.92680680228448919511
1642689835.615834236 0.41755793822845299612 0.01456302178608881621 0.11483959451019495890 -0.10420210899797094362 0.21811567550603844223 0.29278103670876032272 0.92511985013978759174
1642689835.882500887 0.50182179857379316523 -0.08495503297150859556 0.13399443958604587146 -0.08043786802470569153 0.22343844234260312742 0.26310762012095556539 0.93508255897831726866
1642689835.949167490 0.52352835777232609171 -0.11392245819455078248 0.12971048708054069842 -0.07213369012030547422 0.22880682300708723997 0.24806616247567228606 0.93856664522538013617
1642689836.182500839 0.56318151710421793243 -0.17817505961647092660 0.06410955171855027557 -0.06282910646867280458 0.23906556320262609128 0.18895881920867618753 0.95036557414198363780
1642689836.215834141 0.56611871022891568916 -0.18351073278962434787 0.05427424616903582522 -0.06265379921281230557 0.24384395862362737151 0.17585178510155827225 0.95167787352840915727
1642689836.282500744 0.56538121508554084471 -0.18807560800583245086 0.02783198628123795954 -0.06294018831236528055 0.25514877200554886283 0.15367124237351839633 0.95253492644975690240
1642689836.349167585 0.56004083754069600154 -0.17982118431140006742 -0.00337170879665447260 -0.06457091812770104911 0.26376488514809898200 0.14203118566134681489 0.95188540496983564676
1642689836.515834093 0.53105236427798729881 -0.14990143265048624932 -0.07347692474115785632 -0.08392714004099266489 0.29821744689244716886 0.15942427451746685185 0.93734011448783594034
1642689836.615834236 0.50002527265844265436 -0.11120843187781229155 -0.10862520398980596292 -0.09750316878922503372 0.32092847652730949193 0.18321773595233209475 0.92408295421050890006
1642689836.649167538 0.49050981589502240521 -0.09964746836860068069 -0.11790590341114763617 -0.10214409911312852253 0.32708817882804308574 0.19535944011160291667 0.91892034227489083342
1642689836.682500839 0.47561687648428019326 -0.08709433155831795836 -0.12502928654672720854 -0.10845552664416550914 0.33391104000363341919 0.20824743758710703712 0.91289310482795993362
1642689836.782500744 0.43237324335933119412 -0.03689508380163554480 -0.14808590084444006596 -0.13415948900504956476 0.35474973152185484970 0.24556526707179257563 0.89210512783137563275
1642689836.882500887 0.38551851266742348523 0.01848547616700474405 -0.16209132149098259834 -0.15356380940353658859 0.35406945326008215646 0.28980399169957626881 0.87582339835412748030
1642689836.982500792 0.34090946194227994548 0.07189794510380051462 -0.16407555763755449219 -0.16660334438200971596 0.34668207750844942661 0.34328868398353590274 0.85685923127664731513
1642689837.082500696 0.30310714268778687908 0.11989946768654764775 -0.14982940887395673757 -0.17236568655229478342 0.33606331969919261971 0.39852426455501482883 0.83578102743062965274
1642689837.149167538 0.28219746846295057363 0.14291435307689207002 -0.12855732479026316106 -0.16953193411015862746 0.32236945450313220229 0.42419017411155190977 0.82909562434464278979
1642689837.315834045 0.26222998817483300638 0.18612766991588686194 -0.05880830148393406676 -0.15467003609946877729 0.28391838817393638683 0.46678822066119962653 0.82315022070194099335
1642689837.415834188 0.26887714157822795169 0.19881400175010882636 -0.00203908835467469466 -0.14779105960907679140 0.25463193367633518704 0.47660888823690061855 0.82835037798353317040
1642689837.515834093 0.29305303152475487005 0.19396451693942498573 0.05617776149434484945 -0.13970657717272152998 0.22221340281328622046 0.46165894607939400585 0.84733363760073032722
1642689837.949167490 0.48674551438207974696 0.06983368488344048053 0.17221530030369489039 -0.09151695443772901728 0.16575387033567742789 0.28026504082600173229 0.94106418931440893871
1642689837.982500792 0.50117344999925406146 0.05231556474098576770 0.17051806104580596868 -0.08734777735107496222 0.16939415679730696063 0.26465340346429916396 0.94532246427847010928
1642689838.015834093 0.51516244482490680667 0.03485192915805469110 0.16869629071059252801 -0.08308203756149401542 0.17353344588336538923 0.24905470864788298302 0.94918663617583332037
1642689838.049167395 0.51686595837776461160 0.00746280185790731965 0.15112462745663038377 -0.07901286476734799280 0.17837220846222384685 0.23388593197271181912 0.95249025888710370236
1642689838.082500696 0.53280367645553061706 -0.01151812345678371666 0.14241928665752992544 -0.07586967640479301556 0.18520467467789919480 0.21953444746224112794 0.95485477799356166528
1642689838.215834141 0.58301949552920473430 -0.06457299852425257836 0.09173013986872113890 -0.06503054144278770654 0.22485700970760932882 0.16753812845175558577 0.95767496019259734652
1642689838.282500744 0.60504159119272549194 -0.08679708466297761382 0.06077980875879097911 -0.06023525881744726251 0.24584373401250347868 0.15167375428455315278 0.95547247176630556442
1642689838.515834093 0.61996407552257659646 -0.09264074762132476493 -0.06951832687063119742 -0.05456815920544309112 0.30826150419101805422 0.11098969976055861331 0.94322767536893303841
1642689838.682500839 0.58719172100834982064 -0.04110038437520994320 -0.15184757125091843943 -0.06205464227622089352 0.34664922875595299834 0.12431313224117347682 0.92764744312010138927
1642689838.749167442 0.56717807336066694557 -0.01156371095879267681 -0.17752382270425201560 -0.07632912253481619058 0.35677779679090576570 0.13222073109330820251 0.92162961488834727053
1642689838.815834045 0.54174107479978772517 0.02120969292967585240 -0.20074914531083448699 -0.09053811089974445059 0.36427581815386206321 0.15446050769153815696 0.91391899550600885771
1642689838.849167347 0.52220174757877757532 0.03547560460334762272 -0.20759909937045067929 -0.09759566709117795114 0.36772698004247694747 0.17077530003342805687 0.90889369610112291653
1642689838.882500887 0.50648113639778891137 0.05168315567424314888 -0.21436876264144094639 -0.10485764717404906510 0.37077035176671063743 0.18850283263956610358 0.90332768260846074693
1642689839.082500696 0.40778080292168261689 0.18767735296704218806 -0.24086500365382676470 -0.15012404092722581028 0.36712335297168813275 0.30511084224555967692 0.86578899853411805942
1642689839.149167538 0.37371878290149851409 0.22986184549571572755 -0.23849293816735919749 -0.16296000569149104997 0.36178090324763934049 0.35151919839270368007 0.84793447137836219785
1642689839.215834141 0.34171288989567949468 0.27131449144400920925 -0.22936843584856225764 -0.17980816073705463420 0.35349321080407847262 0.39561480998469028547 0.82837219736574829732
1642689839.349167347 0.28616214238043530260 0.34455188324603513994 -0.19144769377200646088 -0.19768664907498020855 0.32505440849500133460 0.47384936479466105430 0.79418285034314772819
1642689839.549167395 0.24655966773160695182 0.40695260993876120059 -0.10891745271289335339 -0.15594528276657895760 0.27476314794313716483 0.55014736713913758859 0.77299686658168564879
1642689839.582500696 0.24259539131336457785 0.41463422162164642604 -0.09079197836793766185 -0.14407933092643440687 0.27091718157656285992 0.55471508750162668022 0.77339265501067777642
1642689839.849167347 0.26673510197424898926 0.44681040154341727932 0.01229330242780449743 -0.11880963663045523981 0.25475126688116261908 0.55913960337850809879 0.77996728533952408569
1642689840.015834093 0.28626154339735870868 0.46541070940109607879 -0.02875268709139358961 -0.12191885413173861319 0.27655204867288346593 0.54903291026460676605 0.77924169602788273536
1642689840.249167442 0.32460050717367766593 0.44037165737223010753 -0.15077285243602833731 -0.15442139953192324242 0.33622439837145051689 0.51401509253660659926 0.77388349895248575994
1642689840.315834045 0.33248608251549754966 0.42173682312525850868 -0.18085916150697714522 -0.15867146803005599542 0.35483686786052237583 0.49207540762951895719 0.77895825025887222015
1642689840.449167490 0.40338954545695332454 0.37669119146246843322 -0.23286175580708809441 -0.14030175200167194216 0.39442092357105967837 0.44257814175756526875 0.79301459121067507940
1642689840.482500792 0.42469539504286202281 0.35797211050983296365 -0.24005026481843635966 -0.13130754410848688440 0.40639419058410725105 0.43576337065103948332 0.79228301478608698094
1642689840.549167395 0.47661044415471143232 0.32346006527113219109 -0.24807003581434833306 -0.11574467064765435464 0.42557273990316757395 0.40412802828824789803 0.80135607005864128993
1642689840.949167490 0.68938640349550561748 0.15602462867258645729 -0.17653273611805919696 -0.04748645673515324017 0.38801925299568679195 0.16759908177529642126 0.90503958118940142086
1642689840.982500792 0.70964335791285004795 0.15018778115821349028 -0.15599358350336528511 -0.04691250023204661390 0.37792411290403954416 0.15646442742115101998 0.91131304454585992936
1642689841.015834093 0.71524254221860983360 0.13692433392548625237 -0.13572759034988113314 -0.04584016272396247010 0.36798821579348950372 0.14569792608396248124 0.91719979658381800558
1642689841.082500696 0.73688170635063265923 0.10275559218415057650 -0.08940385294342526046 -0.04390149189411617775 0.34965117455919997314 0.12743605179031303187 0.92713362998164361439
1642689841.282500744 0.76011255310547509723 0.14422680653417069285 0.04644407833124251234 -0.05497919685061244260 0.28233701868478494612 0.15388445942095757557 0.94529501688233219525
1642689841.315834045 0.75868450555327526796 0.15487062797904116440 0.06691376861205017290 -0.05852674538185394237 0.27090209195149150823 0.16224596448246003666 0.94702847035370041340
1642689841.415834188 0.74347177448137657940 0.19874423098938373555 0.10804169998259952057 -0.06230908727898351596 0.23033033644819947416 0.20096691550045317487 0.95009358098471174969
1642689841.549167395 0.70567611561108956053 0.25744084750515006110 0.13667551531648711172 -0.06812518173757620144 0.17756409775158885078 0.27343961602701999380 0.94290016819909527879
1642689841.682500839 0.65853283286073782676 0.33443593909763019711 0.12346810816426992408 -0.07577991733386539586 0.16788265124225396074 0.33973521038703163866 0.92230841173873256977
1642689841.715834141 0.64488447259661052513 0.35227766411374061839 0.11670797847003781811 -0.07381446786156116435 0.17132263806519881788 0.35505274188408558755 0.91604450137604587212
1642689841.749167442 0.63089276822637918585 0.35758411603826106839 0.10441164404666426757 -0.06998485631154259534 0.17591836795007295691 0.36982421418965200077 0.90960700211896006184
1642689841.782500744 0.60947886678446294706 0.34121248914427354526 0.08824372400482397016 -0.06538077764331227948 0.18110000877446244538 0.38462009802849100870 0.90277102353210214591
1642689841.882500648 0.57823836551217966395 0.37508844602671154167 0.04065700076739114238 -0.06145532706489963137 0.19952664385378809930 0.43056936415422292219 0.87807880273903549107
1642689841.949167490 0.55603625978551796116 0.39881634843337382401 0.00869027087632373921 -0.06727971999384395330 0.21553005209796077812 0.45038360496912821507 0.86381412601045859390
1642689842.015834093 0.54591941071298577537 0.41290617801135270915 -0.02772535942469527698 -0.07380358852419376114 0.23564584841014163397 0.45799295710353010724 0.85397102743101305222
1642689842.115833998 0.54002548279908502149 0.42864206487507955368 -0.08307459177017444130 -0.07230475438601907667 0.27740826670246182539 0.46606365700463137092 0.83701932097041975567
1642689842.215834141 0.55218902294916882845 0.43056404018747751472 -0.13972998592954921637 -0.05897851027230825716 0.32181313487760726533 0.47178193887538888429 0.81876714864318111964
1642689842.382500648 0.58992276772398910545 0.41025897900860286427 -0.21987122620134039175 -0.07044780349575729961 0.39011432486334235437 0.40447151656519936269 0.82416667780643093622
1642689842.415834188 0.59728337156865363156 0.39535409162454643317 -0.22903594824994347179 -0.07445165368999694111 0.39863755601891354141 0.38871048270150171389 0.82731445704282113862
1642689842.582500696 0.65654687147738133302 0.33806619989247371771 -0.25646323023893474735 -0.07148508738373351989 0.41387736997316920684 0.30212315882878276740 0.85575522306624018931
1642689842.615833998 0.66541409826623920676 0.32923620390341518105 -0.25159154922772020146 -0.07000220760638706241 0.40851254829076816266 0.28169647405048625632 0.86536945019265543166
1642689842.815834045 0.74073510505587880637 0.26405522453006485817 -0.20758864177712607613 -0.05152560668749952416 0.35557198673939011124 0.19501275423425126765 0.91262462151076095829
1642689842.982500792 0.78408338212744765894 0.21594733475172545045 -0.15368855121199617719 -0.04356386823395572150 0.31298420642320290419 0.15412529645455430583 0.93615622035370149590
1642689843.015834093 0.80199973201521557176 0.22420608925556340107 -0.14351763047918394967 -0.04299191362844836939 0.30532096539005032509 0.15222633665454643470 0.93901967278890829949
1642689843.049167395 0.80150535129689337577 0.21736101918479211470 -0.12983275400483937356 -0.04242134429122117190 0.29799172238543292224 0.15243787200187822184 0.94136287271053331605
1642689843.115833998 0.78503651961505405144 0.18062821505996806692 -0.09118834563770261692 -0.04129430225718937891 0.28481461967041304950 0.15549119104918315837 0.94498566260509808679
1642689843.215834141 0.78475026155743299316 0.17357573658824768104 -0.05784171671087917632 -0.03505944193587864910 0.26225443059983172267 0.16382095596171933338 0.95034527596536788607
