1642689273.066596985 -0.00599330752437864100 0.05106738191526846021 -0.00080802290844812948 -0.01032173679554727538 0.34594825742778606559 0.07279659159719130412 0.93536833449932088591
1642689273.366597176 0.00035649784798679959 0.05616768836615316368 -0.00145273431235596814 -0.01107843795538462732 0.35838523640339059462 0.07183061881658540926 0.93074037880656113053
1642689273.666597128 0.01505743129660724010 0.04591841109439313146 0.00064548116059380545 -0.00452338623281635550 0.36608493853526596906 0.06589300227714642300 0.92823459804379371274
1642689273.966597080 0.01799948716204049365 0.04447901456562677880 -0.00547805259530207474 0.00795893990377057048 0.37035035145249411981 0.05745786558561770396 0.92707921243924307220
1642689274.566596985 0.02456450883952371322 0.02510529547726228147 -0.00444966382854835012 0.01819529651147642341 0.36758096487821451115 0.05320781818420423914 0.92828987580827193593
1642689275.266597033 0.01802088100628288642 0.01844215008376628995 -0.00135035606906239256 0.02458478234641561788 0.36190607321210821468 0.04663688494309335686 0.93072261367819797417
1642689275.899930477 0.01412881410359149818 0.00721865839093678054 0.00036051256085498876 0.02998795719943128657 0.35672299087634673498 0.03993541674083025961 0.93287437133462680627
1642689276.566596985 0.00454454688471797510 0.00528395058913852175 0.00127760299526133111 0.03378209340469895405 0.35124079555397680341 0.03299849017827918840 0.93509345701366108905
1642689277.566596985 0.01208702682672463044 -0.01746192106408714362 -0.00184740324405160430 0.04361095268263111280 0.35121527862310558676 0.02743181450523468623 0.93487614603259505675
1642689278.166597128 0.01537968730019029923 -0.02432387072141409604 -0.00325886300148704299 0.04936363014764787865 0.35100417429109531664 0.01949181818364403157 0.93486863819082532956
1642689278.466597080 0.01277233013433901228 -0.02848282914054150322 -0.00082797551786795934 0.04623592664389188089 0.34836069648063167081 0.01136976184623063671 0.93615051821300077073
1642689278.666597128 0.01020490569444223485 -0.03569375604893534892 0.00050136717840443734 0.04625079825684491608 0.34480906087442275698 0.00098645070256971729 0.93753218724186460076
1642689278.866596937 0.00525059054942528681 -0.04079849049391351401 0.00320048693084956128 0.04731942806795207124 0.34084879433884474054 -0.00898042433341245984 0.93888355140766510676
1642689279.066596985 0.00431653446868253063 -0.04617727111707305154 0.00621201114812891877 0.04722971559666831742 0.33650389623794013660 -0.01802009203726265621 0.94032428345986684981
1642689279.266597033 0.00835141399578855949 -0.05324455992674526073 0.00956278559904682329 0.04857650593686623636 0.33492374105870742484 -0.02615483080385907697 0.94062869165884310796
1642689279.566596985 0.00856604644086254516 -0.05851800573855751170 0.01200446028579624756 0.04748173498503216461 0.33148264324247583845 -0.03284009032156330610 0.94169329961482906022
1642689280.066596985 0.01380690532997002132 -0.07447953052802301632 0.01054910777873516170 0.05165748877080472007 0.33562491866032628796 -0.04106631395993591560 0.93968131602468696340
1642689280.499930382 0.01261011804938130809 -0.07906746833559806509 0.01409540535174472371 0.05551402756242802827 0.33275962453305696354 -0.04894065355811773321 0.94010320574590167109
1642689280.799930334 0.00371059376379074234 -0.08804671277951676978 0.01554426323029263653 0.05924386022551557385 0.32949420396042267134 -0.05902131107888702877 0.94044681902837878873
1642689280.966597080 -0.00300927050843660194 -0.09593804070329717271 0.01528680491715152766 0.06461316100899609782 0.32603788830890439998 -0.06506245574992058911 0.94089920377439240085
1642689281.133263588 -0.00809325818315341158 -0.09993345679620090072 0.01543888978498342973 0.06937427406980985201 0.32267716026953352504 -0.07184656515972376312 0.94122512259949064894
1642689281.399930239 -0.01810345867442076165 -0.10679356250697730202 0.01327595099228153462 0.07490106848910067783 0.31846952891335772451 -0.08329392548383104944 0.94129119355828938520
1642689281.866596937 -0.01520183310613994025 -0.11490563043106949426 0.01665617809387147721 0.07416045458852418837 0.32115813153464328744 -0.09077443256100718727 0.93974341387297166683
1642689282.166597128 -0.01351186127514278877 -0.11825470496694655276 0.01945569831043197917 0.07558440418282451334 0.32109514000658057054 -0.09866974850210673276 0.93885525489236776320
1642689282.466597080 -0.01380730874229753324 -0.12862340892652329716 0.01849174766015996077 0.08076628077571973430 0.32127123343547264733 -0.10865183789510082790 0.93726003893184539617
1642689282.699930429 -0.01672623634083645131 -0.13529797998404777259 0.01361984129693409942 0.08475356827556650152 0.32201044739315703991 -0.11723666932351045622 0.93561833447199371783
1642689282.966597080 -0.01282560885331295898 -0.14699253100444520381 0.02126574183460530273 0.08736206866369387869 0.32068598800596431753 -0.12514548191701982405 0.93480852285973270455
1642689283.466597080 -0.01393639420876917334 -0.16669063557068128367 0.01433037750000638877 0.09255702242890892495 0.32015527671508015040 -0.13248115472150034932 0.93347873035985284851
1642689283.799930334 -0.01559174373690863473 -0.18432988276073891676 0.01256882178965393337 0.09371533749179755679 0.31936681058552490731 -0.13884423309059570895 0.93270818306301583878
1642689284.766597033 -0.01119941629732899152 -0.26758940599115277337 0.01759723349064484105 0.09206676125090980378 0.31757077403374267544 -0.13378372511694217040 0.93422397199291129510
1642689285.066596985 -0.00016867042930279535 -0.28858577958962261523 0.02113511690684834188 0.08743115063595406633 0.32333510250191210833 -0.13634706633893148298 0.93231951759539932745
1642689285.366596937 0.00222718861749662215 -0.30503325399704867005 0.01691797813666089459 0.08560271729880435110 0.32425856573263384108 -0.14175474770820387094 0.93136144908529450159
1642689285.666596889 0.00420741483351835983 -0.31607816834199614631 0.01581892699877119474 0.08420453594423683852 0.32134718813842738649 -0.14787121173320694201 0.93154693147607703363
1642689285.966597080 0.00512493660086577388 -0.32759081186569150024 0.01540595860285460562 0.08499615521306229382 0.31656793153173873323 -0.15481523374197470044 0.93198317673986541543
1642689286.266597033 0.00634222236241112260 -0.33675233421828670854 0.01608476245468400123 0.08285848656529409828 0.31321223767632072610 -0.16516908574499944429 0.93153193100830522511
1642689286.466597080 0.00619079672028359160 -0.34127656298095565557 0.01732524560778427383 0.08355324202653213739 0.31039010200037758791 -0.17558582927300700471 0.93050870865648604990
1642689286.766597033 0.00229470663377156917 -0.34501938864091558079 0.01849674388904617300 0.08468577906083102347 0.30915217822305679496 -0.19248114554790737851 0.92747197161605088311
1642689286.966597080 -0.00147008311019721817 -0.34807196328156481124 0.02126390627345432424 0.08696566279592551907 0.30743964324750405748 -0.20148576319513783472 0.92591647921612540983
1642689287.199930191 -0.00800046144213329216 -0.35545302058894195918 0.02377623758092701350 0.09307383008511571632 0.30171123973879876434 -0.21185744789998664506 0.92489135131531452494
1642689287.366596937 -0.01191313944345144538 -0.36239048479972074679 0.02509525909332915514 0.09697224506992216386 0.29540197549304830771 -0.21839763410046325598 0.92500623240074630882
1642689287.799930334 -0.03088878687917175070 -0.38022331706556167230 0.02566924468471159723 0.10747237466300936515 0.28273735012374495712 -0.22395221542701373996 0.92647433031608006360
1642689288.399930239 -0.05292037648741782646 -0.38522021333065220583 0.02760395107030525971 0.10631352962232470949 0.26939027818495747679 -0.22725240483241995748 0.92977559439714063672
1642689288.699930191 -0.06322221575337733102 -0.38313548394969598743 0.03687056720244858560 0.10437587869598623225 0.25482461514831233895 -0.23162249054233224888 0.93301720956042522026
1642689289.366596937 -0.07801782638060501818 -0.38400973979444358308 0.03772360653869012009 0.09886540489615325278 0.24834870054308649800 -0.22249887009992949660 0.93757282781527684357
1642689289.799930334 -0.08637855111556218268 -0.37685224251356252978 0.03754547340563286345 0.09624954972854267432 0.24096970438428086392 -0.21585010043197463969 0.94131735344118216968
1642689290.266597033 -0.09219268089431024993 -0.38614067788794709246 0.03620333337179351685 0.09851137028344068847 0.23328242471534998970 -0.20954624801546772872 0.94443908759985462087
1642689290.566596985 -0.09227660836452469817 -0.39115846245903279632 0.03529047150536284566 0.09728884959946142164 0.22985940397556484105 -0.19624921113091786662 0.94825407000344785757
1642689290.799930334 -0.08710478497579292323 -0.39941047315356648095 0.03810215795991532539 0.09561967977292132326 0.22921747131728342772 -0.18522685502471533669 0.95079295320310797113
1642689290.999930143 -0.08223626930737598650 -0.39435941489696574314 0.04049755374098685384 0.08879904069513100406 0.23130304314651867204 -0.17605077108766034599 0.95269079905403963870
1642689291.266597033 -0.07510738653109455543 -0.39709462941045547968 0.04196484223475750730 0.08334678767021853896 0.23503073561284101856 -0.16410055296917885892 0.95440288914983495427
1642689291.466596842 -0.06984882252204831221 -0.39984240708128709896 0.04485691215276022686 0.08079355817572661524 0.23887130244767590392 -0.15387231519797445189 0.95537228996861300878
1642689291.766597033 -0.06365567938859294228 -0.39636384553565234823 0.04876686770772025586 0.07135691771153815366 0.24464432101903751948 -0.14312379556537307979 0.95633306208182733421
1642689292.066596985 -0.05998270779235677364 -0.39959371924763076311 0.04654287517608051566 0.07064319016202826040 0.24927488532820177292 -0.13239358156722100257 0.95673586260166232353
1642689292.366596937 -0.05176428863074478137 -0.39845582204248886082 0.05498371406556579882 0.06909161303650775132 0.25350262360655784200 -0.12119192500227529696 0.95722269412443838910
1642689292.666596889 -0.05068299335216763096 -0.40203733922065981732 0.04398868496885185997 0.06390115434248697102 0.26079386324865844182 -0.11117754391479044151 0.95683998510441259366
1642689292.899930239 -0.04509266920247836929 -0.40225712027498322643 0.03947073293734727067 0.05976998790318324012 0.26857044080717668022 -0.10142794263015371403 0.95603861811357093714
1642689293.066596985 -0.03924745748649950683 -0.40142201668087945654 0.03528175594806830240 0.05648221490310967319 0.27776352246486057940 -0.09379392355966346961 0.95438979714309379876
1642689293.299930334 -0.02618248064265192229 -0.39742576989948741328 0.04938914095591116077 0.04982298127199562277 0.29157132954865611074 -0.07961496496245661081 0.95192714410107359679
1642689293.433263540 -0.01615809976369294090 -0.40064762900360728626 0.03739271299188025310 0.04480834864025651926 0.30001600262519767526 -0.07473894730069197134 0.94994562992695263937
1642689293.633263588 -0.00952233363169506172 -0.38861408990605317282 0.03215436569359703817 0.03639752274378946911 0.30881048159112434170 -0.06372975702988305235 0.94828783861572607528
1642689293.766596794 -0.00503883979593727251 -0.38946046832712100105 0.02829159001581552091 0.03227692142772389805 0.31295400143920520941 -0.05464711844280691067 0.94764533754576996127
1642689293.966596842 0.00624536596639863398 -0.38285342333382355040 0.02830560450952447626 0.02498318038057727522 0.32067612641918563643 -0.04386908715707174555 0.94584256926555343448
1642689294.133263588 0.00361839817389689655 -0.37369924741333049312 0.01914471528174628914 0.01970135858407127960 0.32331486504817330552 -0.03642280281768246752 0.94538496600259491753
1642689294.399930239 0.00285307116837007395 -0.37156006696869986472 0.01264900590781955006 0.01497784317572684043 0.32551008037683931695 -0.02512784557182176290 0.94508594485569707988
1642689294.566596985 -0.00001807022030760213 -0.36250126238757784947 0.00979466266063682388 0.01276028616487143164 0.32783259016864274571 -0.01680935454713266067 0.94450008656432538068
1642689294.766596794 -0.00116794384886911287 -0.36049317821218768154 0.00313972576730732478 0.01184520837015418278 0.33267937236404676593 -0.00999807201712054651 0.94291259658468451477
1642689295.033263445 -0.00237845592091344427 -0.36103956898516337271 0.00273452759744430979 0.00810913700796014360 0.34036249075566954447 0.00078455294535928976 0.94025900754008140403
1642689295.366596937 0.00384690424171311562 -0.37823105894570135943 0.00186556866151812626 0.01366828448597885021 0.34802312654285838533 0.00871843255257191696 0.93734575815137188837
1642689295.866596937 -0.00849926568876381572 -0.38947791081178656514 0.00342634142801499265 0.01986534128758462789 0.35052694245141274854 0.00259485351859801115 0.93633834566699702950
1642689296.099930286 -0.01478160798818836316 -0.39635927742170945498 0.00452485815423286052 0.01633156520188997970 0.35093992613445207374 -0.00630229461686624380 0.93623433461146032819
1642689296.266596794 -0.01932950706482286507 -0.40766176864268899305 0.00488677943150943751 0.02062827117610437772 0.35227684573455930739 -0.01263820840738013283 0.93558311981130048984
1642689296.466596842 -0.02889917098432252807 -0.41682945375417773670 0.00581499666624190129 0.02506956976260353576 0.34981127724550198366 -0.02035960251449555822 0.93626335695104523360
1642689296.733263493 -0.04484372586438452324 -0.43840098607922128870 0.01088684756734495905 0.03369581378945717826 0.34043848940218929267 -0.03700430731046788074 0.93893392116117213586
1642689296.866596937 -0.05485093033778269678 -0.44925759357568084695 0.00986243081304730672 0.03990347397136167346 0.33426663908433246197 -0.04381352596897134660 0.94061357724755800813
1642689297.133263588 -0.07293432138797173447 -0.47244071526053488252 0.00818094486150224183 0.05797420596052497294 0.32618644831454352007 -0.06705240873858052397 0.94114046075043689132
1642689297.333263636 -0.08043379151108098757 -0.48565757675671683558 0.00991094039003042986 0.06785614341879263323 0.32313785971374187067 -0.08093473285686800245 0.94043981010872657045
1642689297.533263445 -0.08532579591579329825 -0.49488360432930211807 0.00986440617012262176 0.07100292544482236790 0.31781463959072364656 -0.09625179187555071847 0.94057856237575454550
1642689297.666596889 -0.08426802027727489652 -0.49658065210404822576 0.01273779544239411754 0.07190970351683062534 0.31462767756226728277 -0.10415415134203026559 0.94073924751235771247
1642689297.999930143 -0.08103480605623911148 -0.50314353834530456400 0.01272990901283746305 0.07323772743800359419 0.31077801541071986557 -0.11209309123471040970 0.94100393161481421522
1642689298.266596794 -0.08261166406096859260 -0.50512216038730750611 0.01375357970071654050 0.07392928556243040517 0.30635275336827522130 -0.12178299798114068653 0.94119676616668779268
1642689298.466596842 -0.08559555283668254799 -0.50738627001566127817 0.01734960454196876958 0.07622300292595349247 0.29989125184220949416 -0.13367404121021686514 0.94148103624023771197
1642689298.666596889 -0.09399510809703097436 -0.51302009409659965478 0.01409098406039881526 0.08220552323689557517 0.29204002728755162899 -0.14606455689963107614 0.94160502315405514295
1642689298.866596937 -0.09818585616757510848 -0.52024321433225018119 0.02293267075153242879 0.08722316150070806573 0.28576922053724018724 -0.15370438738016836688 0.94186147282466481379
1642689299.199930191 -0.10936486028424650951 -0.53072292961701539316 0.02047956422080369349 0.09318845641870071583 0.28396832969280932923 -0.16426631120590279300 0.94005025308468559420
1642689299.599930286 -0.11878893035367389663 -0.53703091755971277266 0.02642093045348023819 0.09963419062046172114 0.27712101366037067418 -0.17314787609135776081 0.93983870150803316967
1642689299.999930143 -0.12342582997198034422 -0.54754885667596953081 0.03264924285329854486 0.09527390318997915053 0.26677943362322681375 -0.17443969373291207114 0.94303892306573677828
1642689300.366596937 -0.12896810911280112699 -0.55098070863220438564 0.04008581408545409258 0.08348107056168360685 0.26206465043518450964 -0.16584207427790209621 0.94702134941582105654
1642689300.633263588 -0.13254147500338092636 -0.55209158819132542195 0.04175138301225216758 0.07038807706935087949 0.26409183431138255616 -0.14777601176214794076 0.95050685005643276160
1642689300.799930096 -0.13530976618387249855 -0.54909438172609104090 0.04446874110272672209 0.06835498955682435540 0.26524545798415882780 -0.13564917198739429027 0.95214061175889075361
1642689301.066596746 -0.14281834010261332257 -0.53796141696999866255 0.04465756485034379220 0.06560166193382752087 0.26478921555316098368 -0.12728194748019960869 0.95361543565732465044
1642689301.566596746 -0.14612470827106999183 -0.53943961190654599047 0.05169264844571223178 0.05318041956427809608 0.27408677492356020577 -0.12431710654091418511 0.95215205708345973523
1642689301.699930191 -0.14024098837037485277 -0.53850979191443915095 0.04687401710114660197 0.04153777159087925636 0.28257395205024959939 -0.12675467699679182632 0.94992622187904995901
1642689302.066596746 -0.12139121827598155223 -0.54631714512440299192 0.04871956140588216966 0.03364833931212538043 0.28790894659108456910 -0.11362455727638817726 0.95029768373814993421
1642689302.299930096 -0.10577422413143834634 -0.54241286028665436358 0.04606559653960566603 0.02851222478345589312 0.28540517358898070954 -0.10512799137632680702 0.95219695722876607213
1642689302.466596842 -0.09638476168376364228 -0.54926854905303024168 0.03595250464979064114 0.01945069228859232918 0.28745166656738885269 -0.09278029757053705973 0.95309234932395081596
1642689302.666596889 -0.08051274228003590938 -0.54833276255320795300 0.04009019780796372473 0.00951376653169681841 0.28867307609821540870 -0.07891686303899279886 0.95412235699120850896
1642689302.866596699 -0.06646748406325203584 -0.55173582656450348427 0.04260225240718031048 0.00664376940662735928 0.29237879425535667766 -0.06500895287504250553 0.95406726023061183550
1642689303.133263350 -0.05496937612464475320 -0.55652836466894217704 0.04145549195560371131 0.00649994554868940470 0.30006499451313489724 -0.04429897574494229967 0.95286743596559397851
1642689303.266596794 -0.05389777136823074855 -0.56045340739357141224 0.04861216057259544476 0.00099854837998535713 0.30360910405396018819 -0.03594624067439666781 0.95211784072039251647
1642689303.466596842 -0.05213772395363517470 -0.55617412476136207644 0.03525115856336689252 -0.00758240237599848259 0.31247694849451729260 -0.02531302630406258997 0.94955774681326943210
1642689303.699930191 -0.05040437104520774370 -0.55381881534589572080 0.03266567358098791674 -0.01082944353214961367 0.31948815002099983928 -0.01852380719932911202 0.94734730364095354194
1642689304.199930191 -0.04038158398722790227 -0.54845891590248962988 0.02258766842843057746 -0.00136207606236025502 0.32701110253479392931 -0.01398996287134728067 0.94491595631920466403
1642689304.433263540 -0.03163365588907764842 -0.54433167874320897983 0.01631742275330864272 -0.00106101418469676341 0.33598681817692999108 -0.00846166713333322551 0.94182808009188556664
1642689304.699930191 -0.02155729265149761847 -0.54698486848797067683 0.01064296322747754382 -0.00028568421310466729 0.34267518214706593760 -0.00169407277011412202 0.93945237667614378552
1642689304.999930143 -0.01091988813292769228 -0.55540096405326078166 0.00640304292328671559 0.00480156430955933251 0.35022147414712123670 0.00698325972890456725 0.93662858066042220528
1642689305.433263540 0.01299435929455085119 -0.58551561031685150915 -0.00046255029319099708 0.01825884852820992485 0.35910158175557205240 0.01806508311745872938 0.93294497222667394087
1642689305.733263493 0.03566430320020863576 -0.62568835594610705542 -0.00243895110581422020 0.02731541460834632090 0.35835660946185343700 0.01768682335043677070 0.93301746224792025952
1642689305.899930000 0.04769546490965422686 -0.64812880031682040816 -0.00186357011048165480 0.03072265467779296960 0.35455440364299173339 0.01512411779747792687 0.93440813053384741416
1642689306.066596746 0.05879181135795590041 -0.66780456261507314952 -0.00337297858439889906 0.02876871316804998149 0.35373973673989167477 0.00972907188019246465 0.93485073939864682391
1642689306.199930191 0.06435343232508952682 -0.68155560390328828735 -0.00249014630391573627 0.02491223680554152317 0.35238153361439233935 0.00197654413527835384 0.93552270335796494649
1642689306.433263540 0.07188437626436915140 -0.71389900009828444194 0.00264908457464813193 0.02196734341501981741 0.34498230155095610527 -0.00678278575570914928 0.93832757673281874666
1642689306.533263445 0.07511846901680792332 -0.72568540709411943901 0.01219865129926603863 0.01971843828054272579 0.33793521404812754128 -0.00939498233534815687 0.94091588816691851260
1642689306.733263493 0.08228814097557543561 -0.74329546851602901203 0.03116192128593730723 0.01013334785917952008 0.31940577050835866624 -0.01358789475748003669 0.94746643114317574685
1642689306.833263397 0.08166305895899940437 -0.75972692648724438058 0.02975226893769920139 0.00876723940125226017 0.30703190644752381688 -0.01399434696510568413 0.95155593749894717970
1642689307.099930048 0.09058849154933225345 -0.79236188212679048437 0.04253561190179086515 0.00712785317162909719 0.28816813960460474497 -0.02147537631082836740 0.95731244911903923267
1642689307.233263493 0.09780380465048779670 -0.80090955162885524299 0.04683818529827554755 0.00408792742141158259 0.28170594868829407220 -0.02461755357088576263 0.95917622123320489536
1642689307.399930000 0.11003542429083962295 -0.82318042008135416943 0.06026491513774416553 0.00291190703247277581 0.27673396778602354917 -0.02598230673812806577 0.96059083464678352016
1642689307.599930048 0.12932009656619342097 -0.84692884375413124420 0.07322830299727585424 -0.00220769268114872274 0.27457367352663969440 -0.02751443675880822434 0.96116979752224707134
1642689307.966596842 0.16465554503810911346 -0.90571291636621820142 0.06941312932124681090 0.01344436135333233577 0.28076955520005286715 -0.02516862620597003566 0.95935095052617203049
1642689308.133263350 0.17592123230471409800 -0.92917862333395295771 0.06160189739916271945 0.02156963632772764330 0.28498788981020678479 -0.02919789163507008692 0.95784348229461879765
1642689308.333263397 0.19107218043784565675 -0.95441193299218918256 0.05347381342888237604 0.02497974463659350178 0.29436023583141357474 -0.03505107238491380478 0.95472482226232746605
1642689308.533263445 0.20436820314728237902 -0.96762117154778382044 0.04363786167344225336 0.02582231678501566152 0.30634887375520736263 -0.02928029220192590945 0.95111841533709151619
1642689308.933263302 0.22036346199812886781 -0.99166704357313417706 0.03586015692273150646 0.02979518435872826818 0.31692512142054601876 -0.01904349666425497051 0.94779114768835015514
1642689309.166596651 0.22518877344573046129 -1.00202694534380776226 0.02587762879182841855 0.03544437142773184529 0.33226352120478735985 -0.02800842651251645929 0.94210412219402883682
1642689309.433263302 0.22538501647644731962 -1.01194426319187069652 0.01497875038633542794 0.04033989693434940349 0.34321229852265572324 -0.02599555319324736713 0.93803104536699566385
1642689309.633263350 0.22165917721682812380 -1.02413917455983338733 0.01580572031756027201 0.03591876677296223369 0.33980146748732381612 -0.01390104637310606885 0.93970823439869011207
1642689309.933263302 0.21021931964590792608 -1.06123257324283915004 0.01329689908785838294 0.02945328513799278305 0.34109820388406741909 0.00767454921990154589 0.93953478945482082896
1642689310.133263350 0.19385125807420663935 -1.08637723914985340201 0.01812040073308248192 0.01643340105767076773 0.33829617312578341703 0.02399566249151528427 0.94059016088821645329
1642689310.333263397 0.17482539441292793692 -1.11596678308439867244 0.02480182401322848784 0.01021108673878791569 0.32899131104652640234 0.03134843841712631890 0.94375723910988273957
1642689310.566596746 0.15053006662870355159 -1.14829190726795027366 0.03126689630395219216 0.00902571867483033773 0.31658427291066848497 0.03797849388164537682 0.94776081821866220434
1642689310.733263493 0.13755284098161296713 -1.17287334967514222939 0.03357191724410131528 0.01697820811230359161 0.30947999524718716735 0.03913303894757615142 0.94994867137852445627
1642689310.933263302 0.11744366836050268432 -1.20319778693643697487 0.03850119158449632345 0.02814465251504436397 0.30013600313292571053 0.04764388672974381733 0.95229003891434416129
1642689311.133263350 0.10559203304618895725 -1.22165919420820578978 0.03942411297493578215 0.03486819338264046664 0.29130441017905189804 0.04240693219751667797 0.95505371671024907876
1642689311.333263397 0.09219717411530567452 -1.23719209029497068109 0.03543219211637337746 0.03421895505535960808 0.28283892337666183270 0.04096275235200224490 0.95768118883989716839
1642689311.633263350 0.07713166449869093833 -1.26425729832419797560 0.03664255341951547923 0.02722962696528923032 0.27377287895185886679 0.03905381141935748701 0.96061530176203380194
1642689311.966596603 0.07306927521174889917 -1.28789893677560485230 0.03119169549359388643 0.03255589066887037281 0.26668716924695334836 0.03607300247592030995 0.96255743009660243992
1642689312.399930000 0.07801344594207569594 -1.32700439428991123769 0.02695683251717414380 0.05475031718976757639 0.26380370680220377455 0.03962498284119001651 0.96220573048588320386
1642689312.633263350 0.07699823223949830986 -1.34551449632094022313 0.01555524666950321849 0.07447620582888979379 0.26089089958852573758 0.04931954448796400242 0.96122672445616197390
1642689313.033263445 0.08480823601088145758 -1.34883691716804743344 0.01824137414314521213 0.09172310697516569689 0.26916098181333475425 0.04140055297002439433 0.95782317351893309088
1642689313.333263397 0.08093236054183028383 -1.35125290195000324900 0.00782138949077487537 0.09756168095034238597 0.27318014081323055420 0.02852327173112145786 0.95657762468351714702
1642689313.466596603 0.08551135378557626898 -1.35072577946573479935 0.00824310549119754502 0.09881586274010964455 0.27704423457935284381 0.01517009417553995439 0.95564208027899943954
1642689313.666596651 0.09076780247298095461 -1.34264194718941465290 0.00882174103006982610 0.09708881542561753619 0.28484137144739735126 0.00126700403635132274 0.95364435180626327959
1642689313.733263254 0.09197559806609749422 -1.33584549450433343054 0.00591071730954113514 0.09410822832278926964 0.28687223703320346990 -0.00696388993185888781 0.95330974253834643850
1642689313.999930143 0.10006349074788938036 -1.32889405266639926140 0.00734963872672498870 0.08298739955385553424 0.29534308940060693960 -0.02632165876156561043 0.95141616621677893573
1642689314.133263350 0.10939079595692551006 -1.32549371742133259566 0.00265796328728221598 0.07602591810848506604 0.30384154108171579356 -0.03556107232876087182 0.94901832849723122276
1642689314.599930048 0.12632326464204038374 -1.29837169374245897657 -0.01632790717845021902 0.04668996040072029285 0.34000326386437423887 -0.05475159379549213862 0.93766736699972952351
1642689314.799930096 0.12786624128835527570 -1.28892545734726438056 -0.02475613814890063533 0.04003534211615885491 0.35204185847414032340 -0.05508570407848895761 0.93350375814449326750
1642689314.933263302 0.13310299062664465719 -1.27887204836503243222 -0.02728795917657108813 0.03611718939798049671 0.35874866653346437761 -0.04868452943543265243 0.93146377250223855171
1642689315.033263445 0.13755142020186580942 -1.27198070471881874433 -0.03773950952581529850 0.03396201106703281014 0.36566688055556062498 -0.04216185212967172441 0.92916989431106933317
1642689315.199929953 0.14521415662852590889 -1.24703758282053422946 -0.04030104033397555879 0.02636778271834358880 0.37921389764206747675 -0.04058569439752619107 0.92404240231706913367
1642689315.333263397 0.14884760414442121945 -1.23383692866902316965 -0.04442371010595249498 0.02277573668423706066 0.38861235073212885283 -0.03788788554588000401 0.92034027120723205240
1642689315.533263445 0.14779096742321753966 -1.20813712053010524627 -0.04982470226804838059 0.01971421728511127403 0.39848237648235945718 -0.02931829057614702624 0.91649527173221090326
1642689315.766596794 0.14720405424599161681 -1.18018369667095135433 -0.06066800720576168149 0.01651319086119550084 0.40412624137329866691 -0.02433881484874007850 0.91423023230083066970
1642689316.033263445 0.14384558340315625746 -1.14417699969544206517 -0.04689009936536151640 0.00857946055460529974 0.40445176725477860469 -0.02034604782751500349 0.91429273165593893946
1642689316.166596651 0.14573040758431704544 -1.13034625194313087526 -0.03328639362320082173 0.00834656142096197595 0.40465046382341496312 -0.01487567773033240601 0.91431233790866262012
1642689316.366596699 0.13791677050067394084 -1.10170464776867138568 -0.03877517603512052602 0.01091430594077649752 0.39993225587395825338 -0.00895164050180827231 0.91643599709402745468
1642689316.533263445 0.13370065204305325857 -1.07600289470285459537 -0.03238103226493371095 0.01356757899671656893 0.39444235161652946298 -0.00290704330712266909 0.91881592343113016597
1642689316.633263350 0.13018958394180776827 -1.06418787190013763855 -0.02538990742994798669 0.01651306215267129424 0.38951883763301292651 0.00177132268048020331 0.92086875086698982695
1642689316.766596556 0.12803283875260632052 -1.04392346559773052661 -0.01901388181781795209 0.01682349599452960184 0.38513612118770412795 0.00481744366555357170 0.92269384433599721529
1642689316.933263302 0.12323962519646144975 -1.01963953893696568365 -0.01335724386933232963 0.01367022473174513489 0.37755108149350630198 0.00836161787380451833 0.92585009000669205026
1642689317.133263350 0.11856637675589895564 -0.99527884753218920366 -0.00577737065553553079 0.01504061160323261204 0.36636010003641855670 0.01360067584330199898 0.93025215867554511551
1642689317.299930096 0.11760526021997265433 -0.97438373670029176932 0.00391084761680647770 0.01613512550333722623 0.36038007215083595058 0.01754788766444198220 0.93250090239101968148
1642689317.466596603 0.10962903806483911828 -0.95826798215960806715 0.00325633664139424401 0.01937887911376690378 0.35281819526708640966 0.02256252622954255105 0.93521907195208076047
1642689317.633263350 0.10559530789278105678 -0.94108689604131134931 0.00783190485295332667 0.01931056769894719943 0.35012236953346453916 0.02882031121199742432 0.93606133238643085548
1642689317.933263302 0.09517168327750356871 -0.92396785472488340840 0.00956522492621604721 0.01986756359677461711 0.34337200068595480351 0.03990380101260238704 0.93814105321449370312
1642689318.066596746 0.09189659255276363958 -0.91768846370376755406 0.01389404196306959216 0.02221408445428016756 0.33898831619180103125 0.04552825892990201850 0.93942569348305426935
1642689318.233263254 0.08980647603356051167 -0.91143480302594737097 0.01714519157299370863 0.02265451895456855116 0.33546928798847019948 0.05550008836684931779 0.94014194129329098359
1642689318.399930000 0.08846007752601045548 -0.90193903963987098749 0.01713060330174309698 0.01967250957594014402 0.33428645291842162823 0.07006396782358173536 0.93965770372780987874
1642689318.533263206 0.08571665560176877641 -0.89388894545634889344 0.01737286312521563528 0.01524929369102355665 0.33165471762729414884 0.08471425763946910381 0.93946585987468345103
1642689318.699929953 0.08206487500748262109 -0.88697871392301086413 0.02126923672890476333 0.01263927910639543392 0.32516703273257985263 0.10292617337385308318 0.93995364368790845777
1642689318.799930096 0.08083591690892148740 -0.88522935270627256532 0.02545374673505109916 0.01347694880147737827 0.32007876589902761744 0.11439342554323811418 0.94036274897724525523
1642689318.899930000 0.07928884553275061808 -0.88443476948503318980 0.02658691103084295099 0.01671691993877241766 0.31375591840530048238 0.12295837798522502027 0.94136018905446050553
1642689319.066596746 0.07657791554695835001 -0.88647477761286319620 0.02614540321578215712 0.02692580728838364634 0.30330714018872562132 0.14098673601024033775 0.94202044557513953116
1642689319.233263254 0.07658754641161009957 -0.88783297960951590433 0.02971656847864575721 0.03831560840839221688 0.29300677450301315652 0.16311443599692607154 0.94131430724123166254
1642689319.366596699 0.07596920271225292287 -0.89519589884726913365 0.03193213516763074300 0.04475612358224168030 0.28350151351056546156 0.16679961442869903343 0.94329299258795895611
1642689319.499929905 0.07747104191822315467 -0.90274493905546948636 0.03258985321581398670 0.05014554223352723356 0.27477545188723029312 0.16483252554777347298 0.94594614759816875171
1642689319.666596651 0.07862599904189510047 -0.90859869880228005812 0.03526992038491812836 0.05826346638131535416 0.26392896323698861183 0.16373966008705731490 0.94875507617322218934
1642689319.833263397 0.08261374820126456131 -0.91696590169586567054 0.03873460155270432720 0.07017462066235898022 0.25392815037329724559 0.15843862804024688717 0.95157407394674986545
1642689320.199929953 0.08870247230405926830 -0.93767044397897347796 0.03907437103151152613 0.09105306504572655002 0.24771574851873781609 0.12443767865629151714 0.95648393160168332372
1642689320.299929857 0.09094674783741903135 -0.94167986658129576583 0.04343409068439979537 0.09343919506767146832 0.24914052530752542336 0.11287722909501132773 0.95731752654301083272
1642689320.466596603 0.09364520152398593533 -0.95126916821723073170 0.04323224419928559104 0.09764637519609291327 0.25289234723472203692 0.09229623309692060185 0.95811901738630345093
1642689320.599930048 0.09083623187183643977 -0.95566899470690513940 0.03352817590124578667 0.10376633402817710128 0.25349111372800908759 0.07919434174655121117 0.95848998921147665619
1642689320.833263397 0.09631901286763583370 -0.97126698519384846442 0.03030251767809647237 0.12182305261790433992 0.25775184677221868457 0.05548682737168709328 0.95689306681812180688
1642689320.933263302 0.09994978913878303783 -0.97875066281885270136 0.03733300258129773619 0.12883925674251889282 0.26217023352506163558 0.04306998839569351617 0.95541205282068997207
1642689321.033263206 0.10308481382850807895 -0.98640960544943412369 0.03695111640053266172 0.13500106589443050531 0.26604035421479799162 0.03262530870395979193 0.95390399483837140515
1642689321.166596651 0.10527128678350052005 -0.99473921988824198781 0.03743671821502277119 0.14285161029707932334 0.27098554054323642504 0.02003896523082073639 0.95171355676195934503
1642689321.333263397 0.10792658610991054391 -1.01045708681570967080 0.03489699757184695078 0.15143347753495431385 0.27609880904166134163 0.00129470628369903070 0.94912363434016633335
1642689321.466596603 0.10903663548652854642 -1.02403866143807942279 0.02894874638282037699 0.15610360228248373882 0.27965048301733941294 -0.01190566491185744875 0.94725156523787679141
1642689321.533263206 0.10748497421366146054 -1.02593168884375374184 0.01850170230111436789 0.15557740283091603395 0.28015942456754816536 -0.01960814491922496100 0.94705960171849468132
1642689321.666596651 0.10959649113582362046 -1.03816279540724099029 0.02009862832565254692 0.15535911592619092159 0.28800189148114169191 -0.03845830286740059556 0.94416069317806083916
1642689321.766596556 0.11375315804972334355 -1.05000617466230439234 0.02841245147596458895 0.15448207667039778879 0.29644817644844939641 -0.04957037786123212608 0.94116764941570585368
1642689321.866596699 0.11269492677618050958 -1.05042610259321245181 0.02221900164237352801 0.15030479551097053470 0.30203598851907870193 -0.05987949372956633681 0.93946643171344823564
1642689322.033263206 0.10923022945819318985 -1.06059557797544412594 0.01493581509060128154 0.14599795972313259207 0.30576258011592594155 -0.07114472693987787533 0.93815364849590854313
1642689322.166596651 0.11475455749765083036 -1.05746757590232465240 0.02927547300535047678 0.14327101496486496779 0.30979416393395214913 -0.08100817794037548647 0.93645003463622200623
1642689322.366596699 0.11413248889999370872 -1.06433607464581148072 0.02839866985317121909 0.12371081930660338122 0.31420872991167314581 -0.09751096788687581285 0.93619448747338118721
1642689322.499929905 0.11594295734717773028 -1.05968003229003149279 0.01904286216034119586 0.10603083115467767938 0.31399162533036595324 -0.10357972115396599233 0.93778353762086807954
1642689322.733263254 0.12201484321232276831 -1.05644017855790783855 0.03055145482226753056 0.08195175869993411022 0.30869593339157597178 -0.11102207795631777176 0.94109767195533577944
1642689322.966596603 0.12479328691918804839 -1.05889931235127043863 0.03590260156850951651 0.06734270422280864976 0.29686715319016182546 -0.11589107057881876950 0.94546502489770800626
1642689323.333263159 0.12617130588390018664 -1.05834524209875979750 0.02945493652574905988 0.03886439717779135300 0.28441449342808605705 -0.11070774535373989478 0.95149448221140175974
1642689323.466596603 0.12388121692144082875 -1.05241410656799860845 0.02991836805107281339 0.02747743914435570381 0.27798728992203003418 -0.09993412992601193034 0.95497708174374762446
1642689323.599930048 0.12587833350544291866 -1.04865744034772090387 0.03581718985474177663 0.01588265756036051288 0.27766057430261992245 -0.08788199203407656701 0.95651926386397578828
1642689323.799929857 0.12505979675030493015 -1.04268154501429854975 0.03441961896849951574 0.01303878168461167220 0.27520606729428692683 -0.06393987583479633641 0.95916802645564880336
1642689323.966596603 0.12777966960806885766 -1.03184818593194593817 0.03753238982468024010 0.00369981108504293874 0.27873876622197379938 -0.04711038629330179667 0.95920364006100533594
1642689324.133263350 0.13154539460526057382 -1.02607033078539244819 0.02891964446760466115 -0.00401860650102290554 0.28580295059293181481 -0.03285794107537443054 0.95771649246656043175
1642689324.233263254 0.13259383182110956456 -1.02120191562642048666 0.02628139780244889354 -0.00874016413385040117 0.28943808394695541564 -0.02211735515337313190 0.95690126329368385694
1642689324.366596699 0.13760483505257037340 -1.01281928514103358729 0.02142201066321155339 -0.01306293456518626064 0.29705079335617629033 -0.00894741658743177133 0.95473039631270928407
1642689324.599929810 0.14848845276166161566 -1.00308115598986447026 0.01509094903564885820 -0.01272059604877014659 0.31184830977771321736 0.01158041119134192200 0.94997616401759621407
1642689324.733263254 0.15435036973833163310 -0.99479251555564673914 0.00951974088390878173 -0.01345243919119675467 0.31943642867578436739 0.02216274439992390113 0.94725298240508659653
1642689324.999929905 0.16364685938983186686 -0.97318067245203021542 -0.00849688151464154245 -0.01749087073333226161 0.32906679948708272843 0.04728550338808293341 0.94295980406677648578
1642689325.233263254 0.16936306679487098115 -0.96220368160264924118 -0.00128984400434548844 -0.02182503830028045821 0.33386211597698717268 0.06228685323795391665 0.94030851486747346613
1642689325.399930000 0.17785438528686986492 -0.95424513243845843213 0.00123362121067868659 -0.01877650244455240577 0.33951457334523771348 0.06865903253426727804 0.93790363827720024670
1642689325.599929810 0.18525544266902491120 -0.94421511033500382659 0.00018839376376996239 -0.01721479797177227072 0.34786061066970280775 0.08125614496664625153 0.93385977811470810561
1642689325.733263254 0.18984306562874922464 -0.93643635245447265358 -0.00065906627740100606 -0.01688708905834306398 0.35431729815131329797 0.08924361975513171730 0.93070384913080184131
1642689325.966596603 0.19193031670517923803 -0.92344799254118781207 -0.00176657083393652386 -0.01577623515845519298 0.36162565026336429552 0.10205330455574622428 0.92658681325878800017
1642689326.133263350 0.19204778837709812755 -0.91822458140678431260 -0.00183945396975147488 -0.00785658971354179225 0.36517929381828179158 0.11274119945841083734 0.92405182717698952644
1642689326.299929857 0.19062730570539343500 -0.91030017993695611089 -0.00127827032506239125 0.00095304039231902898 0.36802815867670252148 0.12351261792408042839 0.92157419633396120418
1642689326.399930000 0.19177754094296400877 -0.89942762302120471407 0.00780140182379871882 0.00341588913345223025 0.36824624350218154722 0.13031207558790353085 0.92054429486251909687
1642689326.566596508 0.18088288526565976522 -0.89885393193022256053 0.00267670563771707547 0.00703829212528863778 0.36391165513964951472 0.13885445531289239418 0.92099848530670225255
1642689326.733263254 0.17459966596206946687 -0.89513319226539767026 0.00273537955259424252 0.01560187495212029922 0.35836374459883296728 0.14944224138568901195 0.92141143065663255740
1642689326.833263159 0.17060838019375204611 -0.89071837640344875275 0.00592706396597847320 0.02014047430815070483 0.35539202908702821615 0.15540781895902286425 0.92148753478408329531
1642689326.966596603 0.16538676679965502725 -0.88517835196847827195 0.00541226267146286983 0.02791796378044415425 0.35088572470060136466 0.15998195419628236102 0.92222858870847534973
1642689327.199929953 0.15818038580970039675 -0.88847945223215196719 -0.00066787211917934046 0.04876037186976128063 0.34455636802938255370 0.16497932646285526359 0.92286789803600055571
1642689327.399930000 0.15257956099444416886 -0.89680199938410887217 -0.00961935966327107442 0.06621410346585961115 0.33843192484235246065 0.15813517713833041833 0.92524201725880439451
1642689327.533263206 0.15168955439690601228 -0.90482654532187078988 -0.00834288791310735904 0.07836235898940413502 0.33185653653499630478 0.15352089779830757621 0.92744914350697094108
1642689327.733263254 0.15357911952015729229 -0.92163182527308640246 -0.00505807117930908226 0.10512035917641028571 0.32387829980562460319 0.15620118222721199319 0.92717514401134681901
1642689327.866596460 0.15436999310283497366 -0.93316797548545560304 -0.00257722051621045445 0.12209550437687134716 0.31713412350716713162 0.15182526536322665800 0.92815285611567455160
1642689327.966596603 0.15512768439100016460 -0.94026887223097899149 -0.00262418719021820799 0.12743808194745726015 0.31329504784593376066 0.14258936538602975941 0.93020106490133436239
1642689328.099929810 0.15890885687694020212 -0.95164883790090470939 -0.00586201080171110198 0.13463346157844408024 0.30860582966040145392 0.13078095407113776716 0.93248732697836911321
1642689328.233263254 0.16223987933994815647 -0.96424157158398293710 -0.00944869788262422093 0.14315678822130020742 0.30362921568849576825 0.12304637361723119726 0.93390311237633183428
1642689328.433263302 0.16895075349363974926 -0.97876083899166932412 -0.00721119300048859036 0.15170444783726239057 0.29886135406557956529 0.09886772392390374975 0.93695935062231294754
1642689328.499929905 0.16765487886797417194 -0.98450756373114367559 -0.00954997499778627822 0.15448451812237468106 0.29713140519692049502 0.09118338398692757418 0.93783423492155248979
1642689328.633263111 0.17623505330226621468 -1.00063102852270269238 -0.00929931939271879358 0.15995842859259354340 0.29704620813192555984 0.07296095549538661462 0.93853798555510425938
1642689328.733263254 0.18010934602736433652 -1.01765677458554648638 -0.01649387565457647448 0.16243585750883085539 0.29596758500460523811 0.06155576873025964818 0.93927028493290432021
