1642661815.164448023 -0.12624985140080671742 0.03797922717515586633 0.01180495563322608160 -0.19574443031218174971 0.25774104753284776681 0.13851293305896333896 0.93598495596555020271
1642661815.264448166 -0.10854912627806237446 -0.00252025663290403323 -0.03895318435755524417 -0.22807925894108416198 0.29290064720388730990 0.09249066764744680313 0.92392344861820629998
1642661815.364448071 -0.07398383203941462372 -0.07596584068192385741 -0.05347696944317907597 -0.22569634430082141652 0.31355772791977204461 0.01273373396263581363 0.92226924672267163174
1642661815.464447975 -0.04617904672649011943 -0.17379100287786861112 -0.02704430077993370818 -0.17236985879141522582 0.31119302955533595378 -0.06096738086888726232 0.93259343156939911168
1642661815.597781420 -0.03291990362716287755 -0.29745341721204748842 0.01964979931890377396 -0.02507849527497665182 0.30286637009172473478 -0.12435856463066743971 0.94455173407559078758
1642661815.697781324 -0.03181186700831459269 -0.34786402182610903777 0.02927219216089688852 0.08876802810950469580 0.30666647648309591778 -0.16322127842068451242 0.93350668109966428165
1642661815.764448166 -0.01234111394050775232 -0.33790219391409542782 0.03453035103070514061 0.13795042772494267580 0.31031184380911541743 -0.16254883366430944447 0.92642005362398394119
1642661815.864448071 0.01038693886271477296 -0.24212777905747018270 0.06901981580616350920 0.15158220060698490705 0.30637595416021967676 -0.11254231394305627689 0.93300098539278153442
1642661815.997781515 -0.01496086571884823468 -0.14277142627620156845 0.12977952683912397092 0.10325766985315634749 0.28933878895315084945 -0.04294022940096939994 0.95067189688273245896
1642661816.064448118 -0.03571832061173484119 -0.10835971737294419759 0.13890127486756226327 0.07136307290130218528 0.27822642391660173944 -0.02541496219772569273 0.95752360208882114634
1642661816.164448023 -0.09031271971312249125 -0.07037219871906393032 0.13277731719264479482 0.02322635153156875701 0.26037648435155030802 -0.01827858963296073724 0.96505467003288925021
1642661816.264448166 -0.12027764192042356139 -0.07683949215552211831 0.08543219280200678445 -0.01231090478306192011 0.27114550530214304169 0.00831525109417086822 0.96242371810814641986
1642661816.364448071 -0.14364411929563353221 -0.09988168147761639082 0.04334265659622964922 -0.03309206807246330845 0.29285467384550623038 0.01451295510584353111 0.95547392909049344567
1642661816.464447975 -0.13562673316693843462 -0.13272816730614647729 0.00832593817426682641 -0.03697450664494987549 0.31249872068600298425 -0.00475555220105096030 0.94918639905512613986
1642661816.564448118 -0.09052580016989614231 -0.15545142622361945994 0.01203602125864187966 -0.04276010546255398781 0.33181383209958659197 -0.03159661114823320016 0.94184542700602735810
1642661816.697781324 -0.04949972691768244476 -0.13847304991361414350 0.06397781537484607817 -0.05768586315493324373 0.31771105003146316026 -0.06512075105683508280 0.94418817915803687768
1642661816.764448166 -0.05599819476061786150 -0.10941208963606864624 0.09574204566724785204 -0.06794679634455665085 0.28660393740835438114 -0.06814847178149648077 0.95320365175674082181
1642661816.897781372 -0.09619289524717056228 -0.01972878418437971557 0.13228807986565721544 -0.12361468271598416435 0.21571716146347866272 -0.03265204471374590772 0.96804925517412465652
1642661816.964447975 -0.11369293000126820536 0.03569530960464159519 0.12739639559818194403 -0.16420347960910036678 0.19148989972776395141 -0.00495828789127181202 0.96764882626276249589
1642661817.064448118 -0.12324628486391189797 0.13742513648982676577 0.09055246041134884516 -0.24206786389221437994 0.17269400130719858577 -0.00340375715141941551 0.95476088400207503870
1642661817.197781324 -0.11516155569081483467 0.26513341503339105110 -0.01367673905762618360 -0.35701390022548290526 0.20997923001867049853 -0.01336149326996426134 0.91009409870856317060
1642661817.364448071 -0.08677673800650043123 0.36717396896720722044 -0.16847462310320621137 -0.46516763595161120248 0.28133119911321036177 -0.04094653531265113333 0.83832881861152919178
1642661817.397781372 -0.08190355536985570450 0.37953163028068731544 -0.18545010389045901711 -0.48385569620555046733 0.28459780270397611046 -0.05244733502849651535 0.82591587525238874257
1642661817.531114817 -0.09460629072896110936 0.41401857039314410303 -0.18924497452663710528 -0.49772891817727049624 0.26634446504610015394 -0.05270074027022862706 0.82374096773461535914
1642661817.564448118 -0.08906455369647617304 0.41243548232884119642 -0.15984176267573968477 -0.48842936236355072310 0.25793131229365667823 -0.04069234611867623280 0.83261775688905725890
1642661817.664448023 -0.10197787769667786273 0.40049118713088749377 -0.07704010941227601439 -0.42144151190616196967 0.22524973028550199228 -0.02539524350451275933 0.87806872889079901068
1642661817.764448166 -0.10505776205969061254 0.33977222188269118330 -0.00855755551057144417 -0.33452797905184078475 0.21076629710312488886 -0.01776630220399863166 0.91834250568234321310
1642661817.864448071 -0.09364013935561701918 0.25149409239443176745 0.01677228028111365718 -0.25715617151423025843 0.21500821729693939122 -0.02050572480866137692 0.94192445832827131902
1642661817.964447975 -0.07254854003155802866 0.16334309097751797957 -0.01292419881802422434 -0.20304230232169759307 0.25635463294108040699 -0.02532686655451356003 0.94467702177415013853
1642661818.064448118 -0.01641068466175571797 0.08774564995343432650 -0.07332920676488517697 -0.18056611681226797383 0.34860702125849746258 -0.02903598723639953111 0.91925292147146508981
1642661818.197781324 0.02058223361352109690 -0.02844452090936530619 -0.09622650168360036282 -0.14685339457592019863 0.41230977159970333412 -0.03276895754580427117 0.89853265281028649181
1642661818.431114674 -0.03058350972578363289 -0.31888263206504430247 0.03481986369589999686 0.07464717667512586752 0.33439605077042044989 0.05124687261738347654 0.93807293868361674161
1642661818.564448118 -0.07747739070815509721 -0.48641743776534251964 0.06338499158719730631 0.21189741711348777931 0.30517964177090967093 0.04858932191003005607 0.92714828839055474230
1642661818.631114721 -0.07331197262586834629 -0.55913982210579415977 0.05512471225522345281 0.27957212502471695537 0.29688178050503222227 0.06995444988020406429 0.91038838429281598863
1642661818.664448023 -0.07533696363921095485 -0.59120585118993884688 0.04298625746003845866 0.31068722668763365524 0.29361350099861155405 0.07867855787869144912 0.90059660433215860120
1642661818.697781324 -0.06285978509293985161 -0.61110575208286799231 0.02338891899974141625 0.33872045461758076845 0.29168712075832842201 0.08469389788288324283 0.89051334682237048845
1642661818.764447927 -0.03328578807122775651 -0.62733475306596575560 -0.00835381583753729354 0.38180579459058744396 0.30156019766658093140 0.09446805529747168140 0.86853990635356337346
1642661818.864448071 0.06641057917662548937 -0.64003309267374319802 -0.06342510835397302538 0.40974777224268660314 0.34934710125603651854 0.12306021649026724352 0.83361834738897666597
1642661818.964447975 0.15416093749127129930 -0.59392809465548057624 -0.11164036729678766813 0.38938959104111503517 0.41849768800069003793 0.17107024159017375498 0.80247766571362588728
1642661819.097781420 0.17111683404540378728 -0.54380564747719539742 -0.12204575614278054263 0.31501932283520456268 0.49480911544975864080 0.16500460595670421449 0.79290620222151719787
1642661819.164448023 0.14174749819668433504 -0.54735093377952170890 -0.10072440738771774871 0.29768732420218374513 0.48334431752175782693 0.16729261781615129001 0.80608542211913825071
1642661819.264447927 0.07432327096896687579 -0.58439778485598536939 -0.05471556243968722644 0.31036497629900289263 0.42508627979577773282 0.18329465869050301507 0.83028808513180363260
1642661819.364448071 0.01222643643936859384 -0.62081329043511956911 -0.00468617890143011376 0.33525952740883968595 0.34656066362846937867 0.16624378798516287192 0.86015100922067200262
1642661819.464447975 -0.00638247378804055691 -0.63261586942164804714 0.03502688904072053661 0.35173175006489737493 0.27627419106283362948 0.16087522253359404223 0.87981617973507852959
1642661819.564448118 0.01836951594525981779 -0.59218755654613597361 0.06382071102197446610 0.32111307432442304233 0.25096423904043158037 0.15870278937513734863 0.89928681123728571034
1642661819.664448023 0.06983808933706023292 -0.51402973160462994695 0.07386060405337581403 0.25251393021511142623 0.27349546195317364639 0.15809286974484987320 0.91457290134476210142
1642661819.764447927 0.08514081479825057197 -0.40638463847148409425 0.03838977646248254577 0.16230718589437559407 0.33717665967628446255 0.14511694123134946666 0.91591994789077979533
1642661819.864448071 0.07420217738889425818 -0.34059993948769889949 0.02446500527811573331 0.08706931385784916211 0.38111152818215038307 0.11552348175571096334 0.91314142542873788511
1642661819.964447975 0.00171762943128109941 -0.29672338801365677474 0.03475645049424150312 0.05498824365957995924 0.35180142843824713239 0.12770320623301048557 0.92569106030351866465
1642661820.064448118 -0.10537062402516295112 -0.29373225970012295516 0.07421824101005530805 0.02802062356712049090 0.29413319490171269122 0.14963790457761080854 0.94356187175269157219
1642661820.164448023 -0.19764368210427754602 -0.32120803413588927544 0.07814699211549652746 -0.00292987303766028499 0.24242704150117241890 0.12884490485328795040 0.96157138886632809172
1642661820.364448071 -0.25393729332808190335 -0.30536412401960333352 0.06391123994513388251 -0.02160643787004315822 0.26820545410116752860 0.13783145775937383215 0.95320589878833650310
1642661820.464447975 -0.18979640080106446876 -0.25942027162271569241 0.01053710748254008990 -0.04738393267960092081 0.35183601004366255038 0.13196752185873811269 0.92550027451904859355
1642661820.564448118 -0.10825628047648469532 -0.19350786856898655186 -0.04867348023108394178 -0.12525602096736113134 0.41119754941765102041 0.05341017607405972034 0.90131839971015803581
1642661820.697781324 -0.12398706720768966349 -0.14518796245703324832 -0.02419191015019791363 -0.14670592690702535799 0.36622919876604670408 0.02394175479699928860 0.91857516696173002746
1642661820.764447927 -0.15665809019370041666 -0.12694306573357813650 0.02141775401593082329 -0.10744403193016031917 0.31162141423249106742 0.06389265241786315497 0.94194777093071513363
1642661820.931114674 -0.22482583414527870791 -0.02231998856401259251 0.09805714880261427735 -0.06444474487954329756 0.20439754661010633985 0.08917634118969695878 0.97268499421405629768
1642661820.997781277 -0.22231929046544418593 0.04194503214599509811 0.10151798723652263878 -0.08261246290954686600 0.18379077287381551109 0.08546398075680962381 0.97575203856905368127
1642661821.064448118 -0.20104318828895043070 0.11992091839244044260 0.08067601055400919208 -0.12925373443272950014 0.17824156716787889487 0.07311830443904958343 0.97271636638060654523
1642661821.231114626 -0.11163528116062051976 0.29289743370854437465 -0.05654323431717832305 -0.32363309421425096035 0.25924679788922289081 0.02618143882415837828 0.90959730121333970398
1642661821.331114769 -0.07399111739893191042 0.32457856989420608151 -0.15823372963290413540 -0.42179384697223576417 0.28720896065527801166 -0.05819978176934836184 0.85802899075595195910
1642661821.364448071 -0.07222396324451491045 0.32230285868834640528 -0.17700189958592879580 -0.42821518449091544589 0.29339405686613551083 -0.06172018503058989553 0.85249181927267303482
1642661821.464447975 -0.08436754593641435096 0.27677759576924587659 -0.17246453382106974317 -0.39160140104052809651 0.31708509526643874343 -0.01199153293160707887 0.86369067854233505521
1642661821.664448023 -0.16707301751379918797 0.13098465037232315256 0.00369189870949213333 -0.26332161013770144509 0.24872129261995887251 0.04464891924065476914 0.93102412548901580802
1642661821.697781324 -0.17883411433932491774 0.11377525031755493512 0.03859773445560665817 -0.23629714742268870253 0.23434350397314535064 0.06324260900645613248 0.94087573710429217577
1642661821.764447927 -0.20843681809972405827 0.03296826674597555518 0.08284383556416334560 -0.18161825877611495472 0.20398451434253223047 0.09142973995825005862 0.95762504595417730080
1642661821.897781372 -0.23302954130651457043 -0.10492480758286942821 0.12052324767386250748 -0.10546074736535002159 0.15749969460613932881 0.10460981846797325068 0.97628308540310804187
1642661821.964447975 -0.22098815787735368033 -0.15705204679544154667 0.12279553553035806035 -0.07447631519024920654 0.15762513391041949040 0.10729859969716867840 0.97882307192793105433
1642661822.064448118 -0.14777529841585088088 -0.22368347697411758435 0.11243670130636176929 -0.03311315864551264004 0.20920939477851932531 0.11643692007110473252 0.97034910805610474771
1642661822.164448023 -0.07163585538505939931 -0.25889598726994317301 0.09856362324875880820 -0.01676249793111620617 0.29853303747850745697 0.11265256635887881120 0.94757925446356405796
1642661822.264447927 -0.09743545927161395559 -0.29646804356114048185 0.11616255559366808758 -0.01111022165977835173 0.30643227896151870038 0.09530441936239748835 0.94704429095745934486
1642661822.397781372 -0.23312657518721419114 -0.35230249435593580243 0.18158770378968489001 0.03368736035851823546 0.24682973417212811240 0.12962998375727072253 0.95975846513155671502
1642661822.497781277 -0.32461771093133717780 -0.39646768356015948953 0.21491058487013403600 0.08164428083697439220 0.19017761191206070115 0.13617286243186266237 0.96882590741120866440
1642661822.597781420 -0.38181457011019853676 -0.42861454482813454714 0.22293432799036974612 0.11076699042019745589 0.13684133791184177609 0.16516079489129131819 0.97042621249769722702
1642661822.664448023 -0.39481715853688120754 -0.44058559571255700993 0.21791890065676700061 0.13863923399267732983 0.11525596998097939472 0.18900837632276273892 0.96528289006979717257
1642661822.764447927 -0.37272519806314230451 -0.43052374004868226853 0.19364082351235850643 0.17374908616714587750 0.13114437714761098541 0.19592528883617094104 0.95615149876633565018
1642661822.931114674 -0.21680504048979890031 -0.43609904056482262646 0.14043042429630184231 0.18090054802619695562 0.27811752839706022078 0.15295256810809765291 0.93087654607432757103
1642661822.997781277 -0.17406022093444958876 -0.40616231202490998831 0.10431250506794219335 0.15501271957866175066 0.35310727338797598396 0.14537003336679490961 0.91112779764875639898
1642661823.064448118 -0.16618452131800975913 -0.39370617245982625354 0.06864245201620343406 0.14244107452481150067 0.39722097912005016607 0.11706847619406902938 0.89901112669239213737
1642661823.197781324 -0.23875179171698451830 -0.40077662139606240466 0.03751304198865471756 0.18600464145555162254 0.39167997317757513587 0.10385236635498835966 0.89509985921743673298
1642661823.297781229 -0.31806600188899614157 -0.40522698439678844773 0.04192733320192872093 0.22029552856517045645 0.37269300377532543767 0.09488000590048506488 0.89641931567288379856
1642661823.397781372 -0.33726051174750859563 -0.38108492316075665007 0.01200837056392021346 0.26002042088423238386 0.35461920805691099501 0.08951810461034966082 0.89365603391195569394
1642661823.497781277 -0.33049075550497347686 -0.36223464193760679386 -0.03690972837002948898 0.31452573114249915420 0.33845572172733284777 0.10941767718769111750 0.88008468956013363726
1642661823.564447880 -0.28233588409212839743 -0.35259805847857828009 -0.06181455608716420608 0.33418369917582108064 0.35204091592717234871 0.12907102195806224865 0.86471331665993400595
1642661823.664448023 -0.17682590620890625832 -0.35391148904012220688 -0.08070078025757911055 0.31537425598233181923 0.42425605873700317217 0.11150800511293439132 0.84149381464409411802
1642661823.764447927 -0.12079211024835986854 -0.38303512380113868829 -0.07366337129824326868 0.27895889498208925605 0.46167385464407556528 0.03917627478060486251 0.84113281135785400444
1642661823.864448071 -0.13580017802323951503 -0.44743584335359420923 -0.04539080149190764801 0.29599311981486947642 0.40945139890697868079 0.02858406011366845800 0.86250830515583831737
1642661823.964447975 -0.17882072337495813485 -0.53348585142730109432 -0.01006728044244730412 0.34292137318591664474 0.32764872697550900815 0.03456860319241630147 0.87969099983854492919
1642661824.064447880 -0.21594908357168257629 -0.62426578517344544217 0.01349278965955468153 0.39956125852937190990 0.25467304333622331480 0.04688655411662062678 0.87937141909625404779
1642661824.164448023 -0.19667185122892713589 -0.69751717578914662621 0.01724188896005092453 0.44226888391919555454 0.20040699893883301419 0.10783999904108447498 0.86752856074023210198
1642661824.264447927 -0.12280792136356054323 -0.73417113134037936817 0.01295078456370958066 0.46060585962835659535 0.20070915136296268999 0.16399204912530318534 0.84891971732247228921
1642661824.364448071 -0.04199989036216605215 -0.72222424047607247655 -0.01117999074401930006 0.47043095354191355462 0.24837698808820346530 0.18947058171746961053 0.82529054786876243632
1642661824.464447975 -0.04254326160216415076 -0.69296522715503106049 -0.06497162003941082953 0.47469600145451745776 0.30781954657398141739 0.22880262034141160554 0.79218696901361929097
1642661824.597781420 -0.08514221292811256780 -0.68511233615492195259 -0.07533346605450967626 0.46950287662555773016 0.35721163638444874966 0.21520013321774419945 0.77823890826335317961
1642661824.664448023 -0.12934819659885479770 -0.69737172769551525331 -0.05508737607759173205 0.46404947343812474880 0.34683900943151435570 0.19932708216285593972 0.79033505683020743859
1642661824.764447927 -0.18862737685722888448 -0.70329750478240116163 -0.02906863857473254709 0.45289400702077869942 0.31986595406724099844 0.17092912104681082242 0.81446671227956346506
1642661824.964447975 -0.19846247144288872710 -0.56657757869230895853 -0.01271936744816142342 0.36599669770154386050 0.28303896612147433354 0.10097420828623229760 0.88076079056087641650
1642661824.997781277 -0.18419633935223625465 -0.52848227947012338390 -0.00841114180248725592 0.33860706372552495935 0.28548745195945196551 0.09785249637740579820 0.89121661795636852865
1642661825.097781420 -0.14295635690974967114 -0.39608295795103548587 -0.00671043834300514945 0.23685950014086715187 0.31582745314930260605 0.07805798056170781818 0.91545483160059382133
1642661825.197781324 -0.12529949219278871397 -0.27126397562149773268 -0.00624506346340784717 0.12999776870060050782 0.34873788638524638728 0.05207600135996717089 0.92669874113153560824
1642661825.264447927 -0.15046724698625671413 -0.20332072152658761666 0.00218490782056089249 0.07892251939502607783 0.34713186540577634087 0.03642318011457428006 0.93377944714080585165
1642661825.364448071 -0.21899552401024613424 -0.13755188684425198598 0.01522025469918488957 0.05227522281248050962 0.30797075095019549318 0.07675026133391552041 0.94685305883450254782
1642661825.464447975 -0.27228762904428888136 -0.11400727280819963894 0.03468346300752692124 0.04744703362849326395 0.27626700289668437716 0.13562728662117043421 0.95027920172658675302
1642661825.564447880 -0.28848220858764156427 -0.11407491308286940579 0.05097005122035593028 0.05165612271369076497 0.25475143130380317746 0.14246884349981886464 0.95505810392178547286
1642661825.664448023 -0.25460374965874238429 -0.11104560265064288005 0.06145088274660284733 0.05163008260394468668 0.23274642055881319957 0.11175212612666217404 0.96471493229530791425
1642661825.764447927 -0.17671747967466691631 -0.13480632174105783294 0.05248803150888604885 0.01241358819249846306 0.24822248032564009357 0.06956070466737232505 0.96612256544154528903
1642661825.897781372 -0.08980978335316189276 -0.12651979246777655952 0.00653214647007646036 -0.10031632162287275334 0.32146669015114348600 0.00808588909188221773 0.94155744441691868740
1642661825.964447975 -0.08919268172043068321 -0.15276668352590830335 -0.01338271402492521508 -0.13413774045251700140 0.33844652931748220315 0.00169981001221583355 0.93137432003741982278
1642661826.097781420 -0.11491343686966663806 -0.23094671311028486249 -0.00986502513204975950 -0.15007893900593749503 0.31815146724630744002 0.08404842208510875101 0.93230457399976174315
1642661826.164448023 -0.15184753844905779507 -0.23199300327902641627 0.02328431688503564481 -0.17829971555469303901 0.28707358418875711381 0.11539786042117751441 0.93406707601989191758
1642661826.264447927 -0.20471815153569569712 -0.21427534591097580075 0.04617779804522922915 -0.24105462792732065824 0.22084653988601973817 0.12426375077847252870 0.93684470026662336473
1642661826.364448071 -0.24110121831365260991 -0.14513558950064156527 0.04953489051830652079 -0.29365569491120840917 0.16582611116729553680 0.10340432323390623404 0.93572195637266353252
1642661826.464447975 -0.24534240012706637346 -0.03943409685829343814 0.03379652668901278467 -0.33359007332519236000 0.14996690227160164310 0.11411728754368910543 0.92369087680112094141
1642661826.564447880 -0.22463290331790305987 0.07447041387407055124 -0.00444515123683142041 -0.39498678237850726180 0.16311480721469859279 0.12064965475861540167 0.89600371774910192446
1642661826.664448023 -0.17852552084493289453 0.19432119898625518917 -0.08223020356025173561 -0.46911897621325776564 0.16823535454887911245 0.05933420632926363070 0.86492988362971612304
1642661826.764447927 -0.12173806262507914921 0.27490952294324494387 -0.16398308263711816601 -0.52884056525450828801 0.19596340837042663940 -0.00672549116240843577 0.82576072011797818639
1642661826.864448071 -0.10219611755909589756 0.29092161654709414176 -0.18965219215170858735 -0.53683940598877799566 0.22935837803737343932 -0.04740169025769371686 0.81052530272804867995
1642661826.964447975 -0.13106004467333531860 0.27603611623851448398 -0.15917480719250129417 -0.51381438150910696550 0.24183583835800240291 -0.02180663353550471237 0.82282117095632889558
1642661827.064447880 -0.20052340953345246244 0.22100972460350140625 -0.10431147931659755235 -0.48191276104426450377 0.21596905818557762813 0.04007115800097324487 0.84824038983391336632
1642661827.164448023 -0.26787092204664059159 0.13165190587217062701 -0.04404501863083990637 -0.41883137530980879548 0.18357971276170129138 0.10105288661207344203 0.88355366686228675732
1642661827.264447927 -0.29562958893190877108 0.02698966425905442029 0.00249628330977639569 -0.34378410735700226653 0.15418967582449208398 0.14085793998127796312 0.91553103286678272354
1642661827.364448071 -0.26073077242588937885 -0.05903851947521803617 0.02790194942498327307 -0.27601178375901097573 0.14739586715052541144 0.16467881204205220280 0.93539983025310202702
1642661827.464447975 -0.17052160474785399424 -0.12449524756241973911 0.03349428402542035943 -0.22011719491707951168 0.18458914168449747084 0.16748511070731120221 0.94309278809954677492
1642661827.564447880 -0.07080463623120994421 -0.19358515963020536677 0.02720313001276851786 -0.18223373081409097174 0.26475003774881916696 0.15278144862134454551 0.93453523947614713929
1642661827.664448023 -0.04445550555447791430 -0.29477080972810504322 0.03612518462836064592 -0.14408010032666354605 0.29327756839385749066 0.12330253921219250235 0.93703024305017523776
1642661827.764447927 -0.07540928538166032091 -0.41951960482498767968 0.06285240196906100030 -0.07186469019807061043 0.27070838461474455716 0.17049242633433120409 0.94471412044313363143
1642661827.864448071 -0.11045443513702102312 -0.52684179510102835398 0.09006600940957715240 0.01089656385521614590 0.24759341700353970639 0.19971173967512273473 0.94799471822821701483
1642661827.964447975 -0.10838486976677076667 -0.59758032212935430216 0.09824208551113709775 0.10824496940892561203 0.23168872911924315305 0.21073285405348859967 0.94350146985536909039
1642661828.064447880 -0.05627015810831539205 -0.62443317219774574500 0.09546074531705288357 0.18146601881847507221 0.23821409906007756652 0.22606897942902984266 0.92693955766440638833
1642661828.164448023 0.02849293947100202049 -0.60766501192366739748 0.07800864709907887051 0.21787852763378401377 0.28777891442610603612 0.21635680327959608271 0.90713944753962738599
1642661828.264447927 0.12188749492185042833 -0.56956743704370682568 0.04669388250784935190 0.21754972979979267378 0.36262010106562442280 0.21688864709861044311 0.87985117612408059173
1642661828.364447832 0.16223341040064409579 -0.54825348585780619981 0.03030353368611100537 0.18518679319576389353 0.41928093047369563440 0.19029834303388148964 0.86815660661285098953
1642661828.464447975 0.14702605962816037155 -0.57215632590676435143 0.03434464292861603291 0.19056461679653072250 0.39381330496021738075 0.19971028858221040458 0.87676223019465915343
1642661828.631114721 0.12543459815871116358 -0.67640677864826637133 0.06939539488659444977 0.27524809369612124321 0.28650738121678687165 0.25283004806020342725 0.88217287094017193816
1642661828.664448023 0.13328707954741161879 -0.69392877929349905397 0.07555038782176834444 0.29126344482810401226 0.26772770916852883794 0.25977274033640340711 0.88091180195769491768
1642661828.764447927 0.19065542293043907796 -0.72417853566477885519 0.08534791895309790100 0.30981859213905604822 0.25538307613281141517 0.27555306213399299864 0.87341996447212921773
1642661828.864447832 0.27186063132406895759 -0.72241091144171609706 0.06144256878871438843 0.29565097268640216921 0.30364069100804275125 0.28532249423763633711 0.85964173199988180851
1642661828.997781277 0.35802316198551698001 -0.70069517548718951439 -0.01818714471861644991 0.25469515431437289577 0.42020585094170226359 0.28933734703178193293 0.82148726150546469427
1642661829.131114721 0.34705222536467533745 -0.71199943863407011424 -0.08496106524348923106 0.22534293714294398314 0.48439964993353318290 0.30478800104646219804 0.78846801726015713907
1642661829.197781324 0.30510005117528660179 -0.73328983301983885479 -0.09981002504157282518 0.22334061471897437290 0.48689811280399813986 0.32106703573615108516 0.78100266076912749913
1642661829.264447927 0.25840310506969271787 -0.75673440511732792402 -0.09926310129118411096 0.21583114810118469995 0.48705619409515871210 0.32795814473712975312 0.78015167410154506733
1642661829.364447832 0.23685823620322740690 -0.76477387261240592498 -0.06621355702857634196 0.22334715889311959613 0.46113524632818114757 0.33395103315903362784 0.79116814815829972218
1642661829.464447975 0.26244355088605902937 -0.76000793504157304614 -0.00883129324083358098 0.25424022714385374755 0.40252782031551803676 0.36137173862455423956 0.80171299558966024890
1642661829.564447880 0.28820634592828486831 -0.73851599514791954615 0.04942141454712814519 0.27321460821725207513 0.34790585056246126072 0.35764057557576822699 0.82244058490746740908
1642661829.664448023 0.29526216312630171323 -0.68689785914794698751 0.07996959665862594935 0.26591264751908449959 0.31683554366145694203 0.33309114657053973119 0.84732283708068634187
1642661829.764447927 0.29293737518187540347 -0.60437499758978197040 0.07143547281205146759 0.19389295492811478572 0.33117808346651450568 0.30830087577037612601 0.87044653429140006473
1642661829.864447832 0.27812139383686862448 -0.53795432927938113821 0.02057305674526303807 0.08812347269660072979 0.39623373756405710910 0.25886656897001014688 0.87648227491809804768
1642661829.964447975 0.24754567146112207987 -0.51241263589284968827 -0.03794251864053439782 0.02614915416589863248 0.43682940790112162466 0.21977996971206170684 0.87189050633811171487
1642661830.097781181 0.19169680792657650681 -0.55292167528161884071 -0.04296556488485106517 0.05343189206423271803 0.41638171252199990269 0.22850939990390370382 0.87838189675291045155
1642661830.231114626 0.14055488842512345316 -0.61269205181638941582 0.03860399320599153250 0.12051200551418274343 0.30627068704646842612 0.26231929705681705789 0.90711835455724909583
1642661830.264447927 0.13629569239537231429 -0.63016322973719662848 0.06078118624006891707 0.13157936231642405889 0.27518336362558959429 0.26718297196242085656 0.91409750425730729173
1642661830.364447832 0.15310597055753510931 -0.65961834022022025614 0.11544545121741572880 0.13707034264960710201 0.19540602573474355474 0.27750107175292704209 0.93060268721321071084
1642661830.464447975 0.19279921786680770390 -0.65839631746429483350 0.14147403646124709353 0.07776375531311749412 0.15952284559245596962 0.29406973468621772083 0.93916359130625615137
1642661830.564447880 0.24347537485488607301 -0.62992053976419282169 0.12896961236776041670 -0.03874591110036878366 0.19336329140620930889 0.29222158594789593433 0.93579695266422846522
1642661830.697781324 0.29408697979940845446 -0.61748293622095073996 0.05893043470634019149 -0.18287538548770770896 0.27758519352036975514 0.24810385008947125063 0.90991622322704102110
1642661830.797781229 0.28550084623353716440 -0.65531358484946167220 0.00974544345366842868 -0.22432218645086610120 0.29646583221932992780 0.24408235849858653244 0.89566253090222014421
1642661830.864447832 0.25809373834627263866 -0.68104910504707483199 -0.00098547878127068977 -0.22619407193486673613 0.28856355459402288632 0.26935657243155186613 0.89051353368127594834
1642661830.964447975 0.20519965147564206420 -0.68606431766287956364 0.02744816717122258373 -0.22492104499440404575 0.23428528512468388412 0.29735644274475941939 0.89783076058400534958
1642661831.064447880 0.18292944529445565038 -0.66842947939727448414 0.09760387596946881739 -0.22646320265278815920 0.14768563352804439659 0.32269612317397605716 0.90706702265166083698
1642661831.164448023 0.13100842346102534175 -0.60685272300929604672 0.14520994959063523999 -0.24840233443710055261 0.07450008105137306824 0.35776418343770793884 0.89707904178990149902
1642661831.264447927 0.09314668509210170810 -0.50651431655678169630 0.15334623636863445317 -0.29317990439005003900 0.04796064213503972024 0.36235972889744161307 0.88342557543983768475
1642661831.397781134 0.04496164041996005001 -0.36880755070802584417 0.08765284222348546095 -0.39334030286122578790 0.08064652495528572274 0.32242380095906636450 0.85721784671854794890
1642661831.564447880 0.06026609807629711157 -0.30662920302814311579 -0.02656811451261663695 -0.48859664791535961648 0.14679926683555025169 0.27586276049681823785 0.81463060848061319419
1642661831.597781181 0.06633802338871766513 -0.31892731376600080839 -0.04108048177233698112 -0.49304401810767856107 0.15816773228732708412 0.26678069146115124255 0.81284600468651480032
1642661831.664448023 0.08998686981414742714 -0.35735640000116897230 -0.05861838692128371053 -0.49004835158122161953 0.18530634842465343315 0.25343040983364573115 0.81319567000667103418
1642661831.831114531 0.16786412643326337202 -0.51197159227945843174 -0.03139704161828441031 -0.41404497236358184242 0.23171226660868690650 0.18432118976166478319 0.86075657730182342231
1642661831.864447832 0.17538518181628479087 -0.54979516240914416692 -0.01516385861255407572 -0.38568738121581980227 0.23264826036427904699 0.16570251389635451411 0.87730422762505022583
1642661831.964447975 0.21015868078517582762 -0.64865781479120410147 0.04543922255947556443 -0.27856466463615658924 0.22697240446271252368 0.12627314847561138533 0.92462984334414421994
1642661832.064447880 0.23658277586772219481 -0.69500953704516443832 0.11898399242790942687 -0.14451000784289047552 0.21541997232068010870 0.12837302460421068373 0.95719980135422710887
1642661832.164448023 0.25101173935341214438 -0.72757583511727119685 0.17370880004135563768 -0.00098211136576885870 0.20995077634827052915 0.18017077417787061289 0.96096732467871692762
1642661832.264447927 0.25763596219501688767 -0.71557885042256352826 0.20613570894604621442 0.11190438187547757654 0.21978412799080360163 0.25052812312111322202 0.93616665499568063602
1642661832.397781134 0.25508724995403003755 -0.64116764892264699327 0.21659018922791825612 0.18994600728365251818 0.26532453219229445995 0.30672254698037632048 0.89411670720762703723
1642661832.564447880 0.23765453353363366618 -0.53873913123720684748 0.15397658982773704262 0.23872772020454674502 0.38313567664962072667 0.33412670267073096841 0.82739076345253081968
1642661832.597781181 0.23013623311987543851 -0.52330133850418392161 0.13410515327984140477 0.23992216002079283510 0.41234870797279510324 0.33062530165642944890 0.81430510870847339078
1642661832.697781324 0.21685402132254066876 -0.48650671350152407957 0.06895444725162500066 0.21403026691788107350 0.49314148389931927730 0.30401873472451163005 0.78649547400932007246
1642661832.797781229 0.22865640418667604328 -0.50408733480575695918 0.01583375079475679223 0.15957575644144694760 0.52698142957215554638 0.25247184540883987891 0.79566583319763217741
1642661832.931114674 0.27225319244897622228 -0.56799697382329183970 0.00529020377316324463 0.13267993956566956348 0.48398963742729078641 0.17976524023883491687 0.84607004609649427707
1642661832.964447975 0.28684158399505133019 -0.58663266325646967747 0.01620133096910147605 0.13170699245905292951 0.46077117616968676916 0.16253298217589104424 0.86251157734467887028
1642661833.064447880 0.30882240903394314602 -0.63279461248658475103 0.07174809003198294455 0.13982068105459441454 0.37066217640541870848 0.12968933317584810383 0.90897767023851105961
1642661833.197781324 0.31200211767719981948 -0.69027576915601052132 0.14884438576808195487 0.16053756050702838731 0.24110352937554441199 0.15203466326507819595 0.94497737589583719053
1642661833.264447927 0.30043709132579776711 -0.69084865841884468551 0.18058351595528923661 0.15672907375915923200 0.19070419794462054042 0.19764090312280727102 0.94868644964376724893
1642661833.364447832 0.27580910893286775254 -0.64897572591827668020 0.21473305541483161951 0.10313813120937904977 0.14756307918835506743 0.26346076333465134889 0.94772152541461829323
1642661833.464447975 0.23798747064520453520 -0.57227835522345360530 0.21627390513302185981 -0.00252088492728531595 0.14879047710859971687 0.31700720967993223365 0.93667575396821400879
1642661833.564447880 0.18949282698764019495 -0.54628635723683505176 0.16924691186627990880 -0.10578859721557554163 0.19822841289489187555 0.33747613474208226769 0.91412478770673144535
1642661833.664447784 0.15878551317446115698 -0.53525924496285892662 0.08521022186123250464 -0.16357370648304001004 0.27880380019726885843 0.32025927403194626164 0.89047519950838183167
1642661833.797781229 0.14331247870229765762 -0.51809352017443011107 0.01324977778460003849 -0.19522526398017650551 0.37191615265941097013 0.26215259982531768923 0.86881614056123468437
1642661833.864447832 0.12498748153775557368 -0.52713343095317977127 0.02247347413758836107 -0.18743825468601851836 0.38275985860868805277 0.23741690212974458918 0.87292325315644547779
1642661833.997781277 0.05337161216091339255 -0.58828148656356127333 0.09596164136021258229 -0.11063437667424091959 0.34392209241801019459 0.24504832480316787735 0.89968269270664591453
1642661834.064447880 0.08210286017892434729 -0.55913536984826084364 0.14511105059829892960 -0.06973147263903817228 0.30502557480059944162 0.26196752338394713178 0.91294574709192666262
1642661834.197781324 0.02341740129317521762 -0.53628853835112055837 0.21305043371046286649 -0.02730041322431115206 0.21152097709582345919 0.27446378147571010020 0.93764769308320894403
1642661834.264447927 0.01937599342450256265 -0.51040802619692660080 0.23458541938602631149 -0.02658488901588534556 0.18365918661185545724 0.26504489475338954829 0.94621020424335389176
1642661834.364447832 0.04698219151199198307 -0.45506931143393264394 0.24498225678516702408 -0.04362504295507320384 0.18278045243838450529 0.26364246604333108071 0.94613995367079728460
1642661834.464447975 0.07973654474309616047 -0.41645102667759958948 0.19778193984701977759 -0.06779364075304093740 0.21828836973233492480 0.27153513459664896379 0.93489190850740966354
1642661834.564447880 0.12988681054808040582 -0.37366315157728019480 0.17973168430787159200 -0.10740536950168165509 0.25796537014269765864 0.24688794357741852825 0.92788161837890814621
1642661834.664447784 0.13100762069222166017 -0.38068776337231968743 0.18801110045581384544 -0.13488441053348335097 0.25818863366046257424 0.22654460023255154622 0.92942044810142387945
1642661834.764447927 0.09462763755041156410 -0.43864054727837881176 0.20462683248364399446 -0.14149599671028384451 0.22066760352909509102 0.24054033482736275618 0.93457211545649576667
1642661834.864447832 0.06804835109382818825 -0.51592367654096771279 0.20744513800338199028 -0.15352939474502563799 0.17533832009697480903 0.26073642616126219140 0.93685736082257986546
1642661835.031114578 0.09116314974414919947 -0.64801651173123797633 0.20566165242469156005 -0.04100403542120939493 0.18115741184463107771 0.29568087609331328292 0.93705575112990024955
1642661835.064447880 0.10472850377792773668 -0.67184695783903358723 0.20226778599416120330 -0.00103703651652033613 0.19632448237886274134 0.30267124425123431708 0.93265520964467074627
1642661835.197781324 0.18401319680447059124 -0.74682932791693501517 0.15260440509336506421 0.21273118322584563811 0.29650862462186561297 0.28257446690936244282 0.88711879128957182861
1642661835.331114531 0.24006123264740922285 -0.77624920553797371880 0.05519401565491126316 0.42119544078732085168 0.40351277461085560683 0.25920208792004795217 0.76979615418869884458
1642661835.431114435 0.23281018985079901529 -0.75492744393946575876 0.02894827687328834290 0.42138281537406485633 0.45705044924165505460 0.22360222420754685690 0.75069531441515346959
1642661835.464447975 0.22713024886122770707 -0.74731853818765270336 0.03439587438727056967 0.39979891074218026903 0.46421691904264045236 0.21067194367256650289 0.76176165248268279395
1642661835.597781181 0.22241077682786816738 -0.73765674608897013886 0.08136813668974487990 0.33595609648605101460 0.38495928543702545577 0.22480713100154572914 0.82969970690637451227
1642661835.664447784 0.23459021106908156673 -0.74584087604872806310 0.10928279232793985942 0.31398905983999303437 0.31925149216702258803 0.24824853783467781820 0.85898895133340991137
1642661835.797781229 0.27714876291867157621 -0.74150801621586648338 0.14488063410455909175 0.22640126755124745372 0.26125348638792245115 0.24010797444331152817 0.90710376612054366419
1642661835.897781134 0.31268156095347682255 -0.72737017452929053629 0.12455606995542183035 0.15933525506847170949 0.29185354299166837988 0.22328493991451783818 0.91628468367797444305
1642661835.997781277 0.32763096598131652426 -0.71882993308959886036 0.06966779239388402878 0.12549604820957882545 0.37013998753359678151 0.17808083892926548919 0.90306940282497494277
1642661836.064447880 0.31155570119744646629 -0.71276181765921120537 0.02674489827968293959 0.12335146509061560571 0.41632809617840377259 0.16295950135331996322 0.88594555888674209054
1642661836.164447784 0.25931554449176646981 -0.69230150770180431952 -0.01388966977051272686 0.12332363396630377506 0.44617548046709604170 0.19177898424878775385 0.86541293215193182409
1642661836.264447927 0.20096962621086306156 -0.64972562268657518825 0.00100643219139247460 0.08646793385418541367 0.43487874524537489807 0.23762630978881169042 0.86425546584615142720
1642661836.364447832 0.17841829792386557085 -0.57477565397746033238 0.06331014669777086656 0.03037242044782873310 0.38184769527831485814 0.27739633055437940001 0.88109087470121094654
1642661836.531114578 0.11583118430181867098 -0.46589029073697973971 0.14849583327795282117 0.00131962466927620838 0.25456721177420565949 0.30593790554103372781 0.91738530140470664342
1642661836.597781181 0.09886754471801366406 -0.40710916395390778222 0.15926755898167407888 -0.01341151024654188562 0.21760876720387559158 0.27699045103797953482 0.93581133027052676443
1642661836.664447784 0.08605117091427637310 -0.33937375731553520719 0.15230170909112505928 -0.05940825237897801731 0.19548216683471766886 0.23594382979853442683 0.95004625738901760101
1642661836.764447927 0.07447873827916302869 -0.23799540140415681444 0.11330892509196520412 -0.18973173876702456586 0.20566080191578964276 0.19818850704577101185 0.93937575949923479701
1642661836.864447832 0.05420515410804711831 -0.22330398646175073085 0.05277685212548106214 -0.31224701192329629151 0.23278891263604442607 0.14040654059534385389 0.91027310685131690438
1642661836.964447975 0.01232170222776757251 -0.22779451884019558117 0.01836946890755706413 -0.36386651864993518890 0.25054191284759863567 0.15286975968136085058 0.88400268273756144044
1642661837.097781181 -0.05899627057087407367 -0.24292836492490066380 0.01325414012110880113 -0.45539564421263079019 0.23798516560057911273 0.22834413983226684031 0.82694426776566387627
1642661837.164447784 -0.09704080304852204242 -0.21905884986761428590 0.00896889818584721381 -0.51746732806355977274 0.17106664100169807763 0.21135498205828176510 0.81135247598210957776
1642661837.264447927 -0.11946911520849919086 -0.18330117458530029162 0.00648310978411151175 -0.57635356148413596777 0.05577710232979622013 0.16604827128747415288 0.79820640101585571546
1642661837.364447832 -0.12346883857288332154 -0.09015267243097160876 0.01158607171377649958 -0.59308684415262857836 -0.00668506399530173490 0.13106911074295274355 0.79437031252527678937
1642661837.464447975 -0.08486885880866856802 -0.06804866941852817652 0.02520821429430930918 -0.56648237229174780438 0.01679048278035681976 0.10304084856944399629 0.81743402491993510939
1642661837.564447880 -0.03507800702622915212 -0.07530426954135235884 0.02608557367739043620 -0.51066504818659563814 0.10415992261952604359 0.08661500039641038817 0.84904049419730631687
1642661837.664447784 -0.00493022003173612840 -0.09549047101453424224 0.01093766113499499738 -0.45119074919563917359 0.19976374401699170669 0.06286138139357067001 0.86750781042356250872
1642661837.864447832 -0.01246378503640465860 -0.12703206866856200929 0.05651311738754802999 -0.25026953281933728146 0.26236172842586513720 0.11934501728415652932 0.92427715066922844223
1642661837.897781134 -0.02119145083868482007 -0.13278869062451148508 0.07868684855752189344 -0.21104734915616801816 0.25464278964738601418 0.12609253270127743218 0.93526292522035159305
1642661837.997781277 -0.03559670765365598871 -0.15378293334212064791 0.14356305819643236377 -0.10332079788926709640 0.22737964468951910035 0.11949245060210642033 0.96090835367036764314
1642661838.064447880 -0.02967470721234344994 -0.18644683843109188803 0.16370558329032469658 -0.03597645332855167050 0.21118894427651485612 0.11306889094560543252 0.97021665133185608365
1642661838.164447784 -0.00047203121483523460 -0.23195526851623471387 0.16469380880693035296 0.04538037535296787772 0.20599695275065973976 0.14612113682772295831 0.96651667878130287370
1642661838.264447927 -0.01264141591984505215 -0.25764966783787418558 0.16573693717454490715 0.06467679939403668532 0.25476688160715083020 0.14525920100022735038 0.95383987764251454422
1642661838.364447832 -0.02040684323916445997 -0.26503206963963854559 0.13043414664778613110 0.03443601809554957399 0.33644078546865024970 0.10062087589814917854 0.93568007238823347471
1642661838.531114578 -0.04432005521325935171 -0.32254680000287072605 0.09040750370447404871 0.02786504052394502343 0.38072266311186858667 0.07240783884732240883 0.92142872658880436987
1642661838.664447784 -0.12181225995399204420 -0.40808728118991682843 0.11372435852350254448 0.04868327928612980332 0.33189257928538506981 0.11823062787673510599 0.93461156250343702112
1642661838.764447927 -0.16627318919488628945 -0.46279185081825252590 0.12791273369353220457 0.05846411194281946749 0.29952316685976321242 0.14294109584783434852 0.94150712331179742254
1642661838.864447832 -0.07357939644799936507 -0.46973007152574935974 0.09904846206304508682 0.06660921715325456016 0.29923650321899952775 0.16223737337329091623 0.93792311092777302939
1642661838.964447737 -0.02122140259951364044 -0.43905510160814448239 0.09034197383954610527 0.05568500628407196951 0.33304262499209891235 0.16260812161639937035 0.92711401067932375231
1642661839.197781086 0.03668150966111166644 -0.32922567391917273438 0.09017232864814776760 -0.04248644363668625801 0.39704742187184893787 0.10043885396897139772 0.91129593629370708729
1642661839.231114388 0.01899538911987017770 -0.32749527514909010373 0.10126600851005014559 -0.03783828021594941304 0.38536904775445229854 0.10542913306260241757 0.91593867670537532089
1642661839.264447927 -0.00477213007303110750 -0.32796981264257707434 0.11255235571120845994 -0.02718944509726854350 0.36788844043659812977 0.11805534449641486017 0.92194455641554884373
1642661839.397781134 -0.10000132394609825837 -0.31586357056465813598 0.17256007136348658348 0.01260134853344690824 0.26752818029135894129 0.16962056515557683012 0.94841907543102244027
1642661839.464447737 -0.13489289424830430697 -0.30108541381064296560 0.20855810080699879738 0.01610941817654711755 0.22061252229096173227 0.16888267723946170928 0.96049427014577493100
1642661839.564447880 -0.15299962928121044192 -0.25995064219636615510 0.24054446102258508766 0.01518210111587524509 0.17503236579378780857 0.14067230693698215549 0.97434310014048153281
1642661839.664447784 -0.13397635079495714971 -0.21145556874918128298 0.24216234743653958228 0.01188282214943173903 0.16180517554090331767 0.10701675858034891131 0.98093083195957186948
1642661839.764447927 -0.08567260861824481377 -0.16212338002197920761 0.21176632094208905355 -0.00834842010809544628 0.19164956921029321912 0.08970212101802933768 0.97731994555932122370
1642661839.864447832 -0.06247224005006299374 -0.13238660164030566224 0.16625296432467689955 -0.06484267873859730913 0.25887139961638439001 0.03573820318109346972 0.96306999034755735867
1642661839.964447737 -0.07986718488314498154 -0.11485061507989334506 0.15235079425921049801 -0.11035143373064520977 0.26717264255591832711 -0.03002943044576527470 0.95683832147880731878
1642661840.064447880 -0.14504531437058237886 -0.10013736227783977262 0.17870844238324473663 -0.12453529674348634559 0.21265224653832076607 0.03353940938640096597 0.96857890227137843908
1642661840.197781086 -0.24855609400119255126 -0.03254063061579726135 0.21945585133843009684 -0.21730314951255239042 0.10690894010058329955 0.08773669075916334936 0.96625674271030370655
1642661840.297781229 -0.30354122326087967787 0.04914136911923103895 0.20410469999207001002 -0.31710955776973687170 0.03726254381392288956 0.07424187146951735650 0.94474397363534479144
1642661840.364447832 -0.31767988949430187029 0.10110087519183544313 0.17157506661095539569 -0.38054562733471358760 0.02221412451684547790 0.07854247955317149310 0.92115288475584711225
1642661840.464447737 -0.30484018325827733076 0.14128992840635012929 0.09978432603706206827 -0.45664217466963130665 0.05676058026849101906 0.09983582454156683661 0.88220687425267751980
1642661840.564447880 -0.25877894477278856611 0.16893594773148368215 0.01611907561122361346 -0.51329223807382629019 0.11111571498978559114 0.06397640515912243753 0.84858199120555644068
1642661840.664447784 -0.20072333804989822559 0.14209502306925853032 -0.05229625492584629581 -0.54666254833784155842 0.15938421211570757974 -0.00526970194156010669 0.82202734833731616604
1642661840.764447927 -0.15666556018027705255 0.07367818333437060885 -0.08158140028710823832 -0.53876572605465378185 0.20827136683911970372 -0.05138411697085284308 0.81468656715751264219
1642661840.864447832 -0.13938420706694740203 0.00147793586567772405 -0.07632568357642401102 -0.50152618742487153902 0.23861986460835185597 -0.08989345872521643799 0.82671107989416847683
1642661840.964447737 -0.05246932722953224354 -0.01364734071550510741 -0.01120282130243975202 -0.46036428942962465127 0.23793050718243285990 -0.09602480057837836647 0.84984294575159580187
1642661841.064447880 -0.08327210801699026776 0.04438899497158831087 0.04431204135133589433 -0.42564675490724646068 0.19278194187845795748 -0.06212290389063820917 0.88193010365600732481
1642661841.164447784 -0.12709879055090911315 0.08330880658641891257 0.11303652991662417604 -0.38062921249436093563 0.13269644456754545181 -0.00473746392186909660 0.91514513200401381710
1642661841.264447927 -0.14654282874447405183 0.08014048699725927205 0.17817107069280019305 -0.30943244507446127090 0.09566075929873078809 0.04726231344157717784 0.94491632158291183341
1642661841.397781134 -0.10834253481528517693 0.01244520752253733265 0.23347416230509912549 -0.18346888367874347736 0.11078074031209578232 0.09792450829580799654 0.97184236734802009750
1642661841.497781038 -0.03190773367117553244 -0.06757286034002550623 0.23319324454012843595 -0.09084050137238647293 0.16406363453414321563 0.10569366263619625612 0.97655515810035353752
1642661841.564447880 0.01435521068421878946 -0.10973364102346649940 0.21587178848745783299 -0.03969459227698091813 0.21078055478871343675 0.09655114829968103329 0.97194329712640092911
1642661841.664447784 -0.00534471666020106678 -0.13196802721062836361 0.17382577706709834153 0.01565608850712784175 0.28516218266308313023 0.07629686118473900935 0.95530948150054495471
1642661841.764447927 -0.00463373491436307010 -0.14182911386447830115 0.14581536192500840765 0.05601636818243760363 0.34480106526629267227 0.07432385386075957001 0.93405051075097855762
1642661841.864447832 -0.01228020484803349008 -0.13774504147102742402 0.12924112526579609184 0.08084427680785773174 0.37592642861094677231 0.09486750622813835965 0.91822855512191914329
1642661841.964447737 -0.02881330784221229624 -0.11836612643993128791 0.15110401864204747735 0.08527630632493946039 0.37962563652570768813 0.12913218748823943050 0.91210591809642838079
1642661842.164447784 -0.07678528265357090210 -0.14514214698080116217 0.25232091538253298424 0.05789581807087287868 0.29081098172108299504 0.15030930202931444550 0.94312467939492738989
1642661842.197781086 -0.08226986761121971026 -0.15026193139295856982 0.26046637431428421028 0.05393270913031721070 0.27314665711589625197 0.13871442345563728127 0.95038964394486413756
1642661842.264447689 -0.08610768623388800891 -0.16027003355632690740 0.27400560297402987153 0.04811205377993556936 0.24707743060860121176 0.12023958711767997187 0.96030225203042107740
1642661842.431114435 -0.11737751431796110413 -0.18353626361863842331 0.27617903153559630880 0.03895834003239134063 0.23758182277260686543 0.09799631443022895072 0.96562614276336666830
1642661842.564447880 -0.10081400375619849197 -0.17890809435222154722 0.26285981536791075408 0.03128753309356390594 0.25843566284193891791 0.07426527323531673108 0.96266129434793967778
1642661842.664447784 -0.08065344147223107996 -0.17756979514079357374 0.24893064532174616343 0.02993967647249518374 0.27269044958761967656 0.07339367777611560673 0.95883100833197920654
1642661842.764447689 -0.07431672273633070647 -0.18194055047148369186 0.24139380990630987522 0.02662313506421383827 0.28034923974350772768 0.06818775549391450919 0.95710289021363426087
1642661842.931114435 -0.07913360153746495929 -0.18383330480523280004 0.24370232503633917909 0.02246117348840515754 0.28602844227184393011 0.05734135364950298380 0.95624013462033108368
1642661843.264447689 -0.07119381127903146034 -0.18335003453742926283 0.23156453539413798803 0.01616347837056616651 0.28622557570061568644 0.05043001534141476616 0.95669769276113547640
