1642650001.366317034 0.13686364661853323010 -0.04001935194294942155 -0.00538916820970864255 0.04915297803756916994 0.37190889127683302018 -0.07661976591461996944 0.92379498418776007096
1642650001.399650335 0.14147424295654681403 -0.03994446668959375502 -0.01984264296628035495 0.03962411475135984434 0.39133425335077476337 -0.09137131773075377050 0.91484354617645324836
1642650001.599650383 0.16696845707590046715 -0.07957497816814761149 -0.06405067075847717395 -0.02511204106599264005 0.43461023352819350141 -0.15536151569106310122 0.88676159690654432488
1642650001.632983685 0.17930202919588494881 -0.09197426989786224028 -0.05402976057895711448 -0.02543291464847876465 0.43484821049573307850 -0.17045997769079276885 0.88385722641544106626
1642650001.699650288 0.18876488098266863691 -0.11137154681205463369 -0.04494343152650766282 -0.03878913511125721414 0.42275268250915432056 -0.20017271852098195151 0.88300988396991031415
1642650001.799650192 0.19426076767155425751 -0.15704589770446439334 -0.01232775807562450088 -0.06619842527626129680 0.36465568268785764072 -0.25343796319655098603 0.89353970274699012766
1642650002.032983541 0.20419385539105866512 -0.16886734006046583145 0.04838613925004702637 -0.08398333265101227962 0.25440348807183926771 -0.25684137867584672099 0.92857857572399404855
1642650002.099650383 0.21009182428763140127 -0.15878814155886847304 0.05410693415314497823 -0.08244628485250922456 0.24329677028755999912 -0.22427670459256568436 0.94005811068186639901
1642650002.132983685 0.21412547308767521104 -0.15090305197549269689 0.05152124489877307756 -0.07937634323116518620 0.24396687838643033031 -0.20295198909740427839 0.94498150696563165685
1642650002.199650288 0.15110608455810659034 -0.13786587728212629234 0.01392117369001379459 -0.07242828003510003165 0.24743200158730940807 -0.15012795320385080577 0.95445960967894150073
1642650002.299650192 0.14672884207305297855 -0.11486168127953375051 -0.01480410205306808592 -0.05480118607029420275 0.29182244549078911744 -0.07517203426607897698 0.95193784228665045966
1642650002.632983685 0.10222068694721492266 0.01495393476716182224 -0.08050362363715513059 0.02071395203165840235 0.42949197764584917669 0.03402940784021174503 0.90219153882705649394
1642650002.766316891 0.05913289760062646894 0.03257708389145574229 -0.05323156340584395130 0.06436455436330235091 0.40800094807798464869 0.07465643530572081688 0.90764467010858485008
1642650002.899650335 0.02613280574250123958 0.02741785676452021536 -0.00995179584130199621 0.10790098544243020839 0.35556267150850512371 0.06959145376503780844 0.92579133368872923437
1642650003.032983541 0.02667673851902093232 -0.06263453574322842832 0.01266495700337660901 0.16644841303720855907 0.31276360478476966653 0.03824456550071518579 0.93435068712400093371
1642650003.066316843 0.01666413373916849142 -0.07853174111493531340 0.00719709819279959473 0.17700095042212332652 0.30555541463829360982 0.02258186877664574571 0.93530562456206789435
1642650003.099650145 0.00177594023462372620 -0.09370860318931004129 0.00114175878024418945 0.18374336752802422623 0.30168517676778289216 0.00258946744270042994 0.93553071764983541936
1642650003.166316986 -0.00821079621632499201 -0.13835066950206822978 -0.03024571482679996523 0.18722021565970844992 0.30382945777017927869 -0.04960685293156689296 0.93283193104740846913
1642650003.199650288 -0.01131391326025675721 -0.16815672081349691824 -0.02890708880612385956 0.18797706715131531907 0.31293268885866254436 -0.07872105937782956919 0.92765335620548994289
1642650003.299650192 -0.02020867599199977632 -0.24812207183076306904 -0.06300223736385672513 0.18021268055663439145 0.34263784281680753629 -0.15490322930222191755 0.90891566604838558430
1642650003.366317034 -0.03080158587157848932 -0.30480972295866359811 -0.08765753262088255005 0.16611766990175308445 0.36423663209310830347 -0.20765487487758507723 0.89253349994689634705
1642650003.432983637 -0.04595542527706116681 -0.36252680312752777469 -0.10840249547165535515 0.14729459574627751239 0.38044625511478685764 -0.26590233102781063446 0.87341908576985649582
1642650003.532983541 -0.07288484730660151067 -0.44840871834116674544 -0.12687072346636224518 0.12303181171404316274 0.39035730898152182222 -0.34613590419960310607 0.84420037932648916978
1642650003.566316843 -0.08094688007587699796 -0.47819754759504523589 -0.12524778362251537400 0.11746711173328781841 0.39328295912437183368 -0.37076439493684865134 0.83310488845674735003
1642650003.632983685 -0.09858338076276221273 -0.52652717247474623008 -0.12100179958924819901 0.10525252614178713662 0.39029163190663529459 -0.41887835237327575300 0.81310225292854632073
1642650003.766316891 -0.10950923252675601183 -0.55644363963885379309 -0.07136719604338848111 0.08149465301620018032 0.36383575476613738697 -0.48510911002706019746 0.79098123647295059957
1642650003.832983494 -0.11484978125360607859 -0.55651153299946165554 -0.04317094105740359317 0.06583915227821388050 0.33527009012847214242 -0.50056393903258844524 0.79542121899828099885
1642650003.932983637 -0.10215639010718911839 -0.53940515150370427211 -0.01624281520650921670 0.03532537487867167675 0.29916980767946732556 -0.49128403746208509917 0.81724509089847985344
1642650004.032983541 -0.08476200066326697313 -0.49404479908413378997 -0.02058078384500072397 -0.00091537916823866380 0.28377270316065295042 -0.44635151860645483346 0.84867104160539486024
1642650004.132983685 -0.06057602517664823633 -0.43240461530466522966 -0.04570074376097760932 -0.03012225986491187668 0.30522842905392050250 -0.38902126164642991668 0.86867181003237725623
1642650004.232983589 -0.03783116586234180206 -0.36655101708531778737 -0.08751213975051964911 -0.03708705708034799181 0.34631814661615228923 -0.32570022570371848225 0.87898103193301002634
1642650004.332983494 -0.01920013299463609741 -0.29357552920063417767 -0.13053496068573014477 -0.01738398590710793848 0.39287400562892482725 -0.26229420009369336375 0.88122049756702469647
1642650004.466316938 0.00024042817561539527 -0.17910065469533123506 -0.17250053453550323601 0.02088028085051717164 0.45149230113575217205 -0.17564230904777708431 0.87456760468194338909
1642650004.499650240 -0.01041496721794192906 -0.15329074943308393375 -0.17825412251867439606 0.02874083590991897280 0.46029618325450510907 -0.15419541065236530564 0.87379926949287534121
1642650004.599650145 -0.01945231970867308813 -0.06233492917641896697 -0.16880053043028583892 0.04407206226964119344 0.46409806845304857337 -0.08128410927464341240 0.88094468030908623657
1642650004.966316938 -0.09290087318340900513 0.16214039655547954344 -0.06774804125911966513 -0.03050708603256420057 0.35709299735629590478 0.21534419866928045106 0.90839461966723666908
1642650004.999650240 -0.11423487056302063236 0.16516561119549441616 -0.08523638347543514848 -0.04375393361733786318 0.35912284385469317449 0.21863852596784363880 0.90626352198316784126
1642650005.066316843 -0.12633692152724962376 0.16574864508367578853 -0.10685678354576121085 -0.06701046640360255879 0.37538967303209019866 0.20595793695245229182 0.90120670158378302084
1642650005.099650145 -0.09583472172608628603 0.06445370455078511251 -0.10351684309028505449 -0.06961224672622443044 0.39233600548191271962 0.19276110933670950742 0.89669936357482993294
1642650005.232983589 -0.07155725597836590235 -0.00588328825278890046 -0.14056674106869820884 -0.08619231984298775240 0.42935657662406562229 0.07801759277473925558 0.89562105230246902288
1642650005.366316795 -0.05593549413387932656 -0.13605899797317508315 -0.13859723351174524364 -0.04422135068840117589 0.43109328885038661339 -0.04256395679876013444 0.90021739487364049737
1642650005.499650240 -0.07406969986711040010 -0.28948053818527830217 -0.11468597969125518543 0.02500233206511905809 0.38527590754429535957 -0.19077432529235630043 0.90252009133673649632
1642650005.566316843 -0.08483180877353919958 -0.35870812457926781747 -0.10301365984037810786 0.04818656975884114818 0.36198806886234558000 -0.28622120457170352470 0.88584429475484527394
1642650005.599650145 -0.09080816887457303366 -0.39017959305186644681 -0.09923261308688224869 0.05679563259154159216 0.35281860190917480047 -0.34006485412796655377 0.86985584164981422095
1642650005.699650288 -0.10574417683013678793 -0.47992965739832643690 -0.09913841717771501583 0.08393866915099960913 0.33496475803684655492 -0.46394763592655441364 0.81578520568384738088
1642650005.799650192 -0.13214573722724431981 -0.53489978987457986737 -0.11000536979140687621 0.12127032072693796905 0.32428013921804155206 -0.50552418481608718537 0.79030449776370603754
1642650005.899650335 -0.12615029777749725559 -0.56737563591909323524 -0.10847885742309709700 0.15304252448235416972 0.31685125883111181500 -0.45897638331538920253 0.81579650957572302783
1642650006.032983541 -0.02933079320935779236 -0.47810883124780956255 -0.10082479721494023994 0.14037897290338358092 0.30202050193750146212 -0.35826418389004249798 0.87219500968396546092
1642650006.099650145 0.00592430530679681228 -0.42960691518549903867 -0.09604014535838370503 0.12495804023208210987 0.29483142193826322730 -0.31272165470229379425 0.89423994962173236623
1642650006.599650145 0.21724688276888795557 -0.04650806910117983445 -0.13235650708650290031 -0.00067078777547600606 0.35316994645969373989 0.09084244547658033853 0.93113811492240605716
1642650006.699650288 0.21700954108077302740 0.00247649461114408552 -0.11033944209109121382 0.00040592659371255669 0.33508108778097239755 0.09959498179921909278 0.93691052904508131949
1642650006.732983589 0.21896966115618757276 0.01312102672456241965 -0.10210701357253998411 -0.00032127151396971703 0.32408019760987216706 0.08247830171982455105 0.94242731923855760368
1642650006.766316891 0.10716738810412161642 -0.05690712157586839959 -0.05705527860065159884 0.00640512470933153437 0.30751993920382775238 0.05861333495119778331 0.94971308211239813257
1642650006.799650192 0.07273205870782281646 -0.03468588661435597492 -0.03473216130319213557 0.01200467734402854876 0.29283882321850962516 0.04109234614404790736 0.95520297865230818779
1642650006.999650240 0.03873938674386045306 -0.12847532848631493252 0.00089605323346850457 0.13056934102726483471 0.23082298918334523408 -0.00022441541136254740 0.96419517966327461522
1642650007.066316843 0.02466086597618951867 -0.16776406267417159901 0.00164987454540303736 0.17163463645805793201 0.22602214903576045568 -0.03334629210516613235 0.95830243895964473122
1642650007.099650145 0.01757979630507990401 -0.18801810376034028272 -0.00422416778733204854 0.18962138237693079712 0.22582075372594059837 -0.04887049184271755747 0.95428527891776726566
1642650007.132983446 0.01042248633528448064 -0.17598266372951337777 -0.01577791991119387865 0.20302442297258713189 0.22662407888817012735 -0.06371161827253700449 0.95045433359095743420
1642650007.266316891 0.00754117947020024014 -0.26836571929353336685 -0.04489370084277394951 0.25345991864926070702 0.24765968134687293967 -0.12399365649183623217 0.92684859875993774736
1642650007.332983494 0.00617615493364725380 -0.32070614663799795752 -0.06293447229867850379 0.26526024522726543431 0.26327878149219385850 -0.16657913515823641326 0.91245420556206036089
1642650007.399650335 0.00435292287191250526 -0.36829377273985303143 -0.08316296596948107023 0.26842279740717445158 0.27955421282157588703 -0.21240620920395542059 0.89704082750865998808
1642650007.466316938 0.00191956638647040705 -0.41102153178183237214 -0.09815678060858917808 0.26452639182207238200 0.29493716695381461124 -0.25785837199976824330 0.88121899410332860114
1642650007.499650240 0.00038610364255739363 -0.43312859876236026180 -0.10392625238859264092 0.26114722470209333904 0.30311615971739941378 -0.28007077803534402571 0.87262997887950621845
1642650007.599650145 -0.01152145203066600246 -0.50955624868841076225 -0.12182173462589515611 0.24320258724205606748 0.32066556781266092324 -0.33765172548731903213 0.85089212445150175235
1642650007.832983494 -0.02808408239790678371 -0.60951018596800943250 -0.10379169317139150253 0.12311317793742182491 0.32409043063761211467 -0.45167448669453919008 0.82206976361894024130
1642650007.866316795 -0.02641630905893031442 -0.61004717010754661022 -0.09518650286622706846 0.10104247754220987976 0.31974565068698990178 -0.45904965923159773977 0.82269468635590403682
1642650007.999650240 -0.01671288640948402626 -0.59532528192873623851 -0.06422463830050474665 0.01213203022777759738 0.30042593338730744223 -0.46129320007648055846 0.83474885801306575317
1642650008.066316843 -0.01533499579233552415 -0.56418451794882729100 -0.05643628330559562201 -0.03327983032951767339 0.29110822843966688289 -0.44801850939095888560 0.84464659323948054759
1642650008.132983446 -0.00766204301610284595 -0.53379045132839153531 -0.05336331779547492243 -0.07530720274656746427 0.28303957370494725598 -0.42798095794669327452 0.85501445868852987697
1642650008.199650288 -0.00238133276993985092 -0.50134741853218878216 -0.06216276302222499550 -0.11171842630591140300 0.27740542249881883219 -0.39750289093489299397 0.86750024581574902705
1642650008.299650192 0.02290109693142950223 -0.43740250218689907813 -0.07767881752935104633 -0.15257864171661295050 0.28905046355380720202 -0.33271838498484423985 0.88457224911497178699
1642650008.532983541 0.09113742878257549695 -0.24596585298563164446 -0.15231740304310664724 -0.17330952702703919521 0.34873442934990100950 -0.15872978317879629651 0.90727777530350384172
1642650008.566316843 0.10040033139602627665 -0.21132180130951452868 -0.16102848898929650323 -0.17090766885848490686 0.35799427180978116159 -0.13048442621883585280 0.90862780311362045804
1642650008.599650145 0.10758461861501798784 -0.17533606717097260930 -0.16987680960105663863 -0.16799902573610983603 0.36628980077100625756 -0.10433372736425716720 0.90924286224151096292
1642650008.699650288 0.11145800814010456414 -0.07475253268902598558 -0.18369394988738532715 -0.14859483874262252590 0.38237468442678745895 -0.03184563752652019852 0.91142472534987661881
1642650008.832983494 0.09569196441580632428 0.04991053721313085112 -0.17625492720522797918 -0.10892736004961640905 0.38216891006179765089 0.04899890637976020424 0.91634101817412194624
1642650008.932983637 0.07615498309556401058 0.10219438414279066740 -0.14599338255565683098 -0.06370576636595670639 0.36708782129086092727 0.09434888650683796729 0.92319358447000432477
1642650009.066316843 0.05665800444800443703 0.03042798085717740228 -0.07401567558162674976 0.03778326244119941529 0.33622211995077394553 0.11343058506227426951 0.93416305509666619500
1642650009.266316891 0.05257285277909003879 -0.07352234197159172868 -0.05085040911593605162 0.18214412589902889694 0.31798110231375403822 0.04193180790391294599 0.92949086034114281052
1642650009.299650192 0.05571293372509103503 -0.09446717054450398665 -0.05684862107017436134 0.20063994852743524677 0.32018573412671380574 0.02089322105258538051 0.92562853242037290702
1642650009.499650240 0.08047151260123970584 -0.26396809901327622505 -0.12254044333802494027 0.27476484094591224761 0.36397381137798412443 -0.11622983374916051602 0.88233665488723389547
1642650009.532983541 0.08314539004033959235 -0.29713103720433703403 -0.13511650373440819983 0.27800265653544037336 0.37341838618695250007 -0.14486645678699192064 0.87309045437156884706
1642650009.599650145 0.08583155361790942295 -0.36941795241666874894 -0.15879049824533991719 0.27754869762076583850 0.38881735055930771727 -0.20513926081519129330 0.85422811474760884654
1642650009.632983446 0.08390003815367236273 -0.39111703520364282660 -0.16712332003230587207 0.27273150304489574003 0.39364295789891151633 -0.23730734093011915387 0.84519108779266238773
1642650009.666316748 0.08182717554736020082 -0.42798142597528543440 -0.17461327393681672082 0.26790324962479467041 0.39684901725478416434 -0.26970272940565753750 0.83546343073501772025
1642650009.766316891 0.06736626404645854049 -0.53239497425336501646 -0.18470593027053730517 0.24293659143099863296 0.39411121228804368855 -0.36431578443128664890 0.80804218584610598697
1642650009.866316795 0.05114395985253702287 -0.61915139429757648504 -0.17152820018611730779 0.20152857111722793926 0.37737590702659379316 -0.43966015672821023852 0.78972945139777439572
1642650010.066316843 0.04336963928309729016 -0.69700468171978069432 -0.10482808960901758566 0.08671153470572660893 0.32356657513987291397 -0.48828912895939702299 0.80582846049348733075
1642650010.099650145 0.04498887588810541321 -0.69877670890483689625 -0.09371651510810902197 0.06941675204198151372 0.31342092540468718953 -0.48010643473081732191 0.81636171479588326427
1642650010.199650288 0.05938918384882154594 -0.68678023670391996625 -0.07165491023575117080 0.01999113183739584243 0.28707463245845016298 -0.44241504443054002760 0.84938650713808072634
1642650010.299650192 0.05024907044657658806 -0.54009597291505750949 -0.08698951012372556357 -0.02754166883757931672 0.26550196831619449211 -0.38294986778708139941 0.88436392964645749171
1642650010.399650097 0.06962546907688144104 -0.48272495005025595205 -0.10580595467739853377 -0.04219367644480350593 0.27070634796342241124 -0.31888989350765656328 0.90732959979218863467
1642650010.699650288 0.13751492177560739605 -0.23532003348688373956 -0.20112451401279643481 0.00790035655469811283 0.39044891235720902145 -0.10273769698810417128 0.91483998427209201054
1642650010.732983589 0.14131704893193208772 -0.20085315352879645756 -0.20484176987013191784 0.01352622251798111727 0.40274902910306681347 -0.08056567944701198414 0.91165751911349490744
1642650010.766316891 0.14282659268400144104 -0.16724225143693263740 -0.20599083933088674359 0.01729628497950722044 0.41214748625558794703 -0.05695259507442972796 0.90917088053533456904
1642650010.799650192 0.15003469081708503685 -0.13411032273067430287 -0.17153192453806301310 0.01967773740071162777 0.41893758122814261924 -0.03119020718032038814 0.90726581587842858312
1642650010.966316938 0.12576869377124993976 -0.02810447392812416567 -0.11346541329140778787 0.02273768096413131962 0.37314327316986295457 0.07886792403961409570 0.92413578337284185693
1642650011.032983541 0.10702442906941952994 -0.01766479910934824066 -0.08202939625958544090 0.02655119544232412143 0.33382358395564581954 0.10958710611417041281 0.93586725286715366501
1642650011.166316748 0.05881028203086351158 -0.01933849445478497825 -0.04300803672868926120 0.01136590638194973600 0.26914182181613288680 0.10615855015243189086 0.95716448855520297467
1642650011.199650288 0.04703096199899300944 -0.07178151416522086936 -0.04979913072916763300 0.00810902361317538019 0.25945440854750323467 0.09324561373087766891 0.96120908710917740692
1642650011.299650192 0.03282829526194126768 -0.10935615330928104283 -0.05688479648041798453 0.00300102361787143220 0.23918783056129236386 0.06058951979129419130 0.96907640857678911672
1642650011.499650240 0.09943892736046554270 -0.11399599061761560292 -0.09990490078820406239 0.00674577216018057597 0.29449583666238965396 -0.01056441358576573099 0.95557055726517181604
1642650011.532983541 0.11693886318926029200 -0.13205151081371327426 -0.11065989196027660457 0.00565780665328790688 0.31379712321688041365 -0.02706890676790916356 0.94908726098872187027
1642650011.666316748 0.15878434982306555145 -0.20845522339216951413 -0.15046689544090383062 0.00228318630196659017 0.37575905807395265645 -0.07836705711861945145 0.92339510595099727475
1642650011.732983589 0.15471672545122283626 -0.25716997315767120558 -0.15463216309344826604 0.00805964610719689216 0.38071905620352403110 -0.10705655374855792272 0.91843722520791093444
1642650011.832983494 0.11607362299366393021 -0.33301910892218550275 -0.13761601341903270668 0.03172305366235842611 0.35885247700108097169 -0.13548307506160381375 0.92296418348079767302
1642650012.032983541 0.02976236470454651090 -0.44815342927670348550 -0.05057496452771224893 0.06943372831894359387 0.29301950560436312854 -0.22556101309627429874 0.92652078016528482962
1642650012.066316843 0.01567463315277983424 -0.46582563639679186451 -0.04455644140793397351 0.07389328486122144490 0.28229447990028899707 -0.24171024449640354792 0.92543274567941058439
1642650012.166316748 -0.02461129248830198901 -0.51021652671514705624 -0.03679657498985939440 0.08533328829846667518 0.25363750908442067589 -0.28642808316795709267 0.91997021531479550305
1642650012.232983589 -0.06809443781189264411 -0.52649951565019081912 -0.05631302009005505205 0.09406567040268935809 0.23620191241599078347 -0.31631204835857645863 0.91395130848745043117
1642650012.266316891 -0.07089953175068249014 -0.53734154385805377174 -0.06457083001307586945 0.09841657624365753032 0.23274758992120639367 -0.33030382429978510928 0.90941856180709379487
1642650012.366316795 -0.04581924014412507712 -0.58411826227734509054 -0.09257425197433802322 0.11469643942570414974 0.24634763149470270682 -0.35725290788908731221 0.89360390053133009758
1642650012.466316938 -0.00704342181924145355 -0.62904789647528902563 -0.12283730440627249614 0.13005185565135832237 0.29491359568237285327 -0.35894528144874732201 0.87593993564000249830
1642650012.566316843 0.02643900024188934952 -0.64376741797183256732 -0.14470283391799010353 0.13679158022457246768 0.34920087802693455803 -0.34903418281920411959 0.85879098131536801830
1642650012.666316748 0.02867974588810864173 -0.62560970367506696377 -0.14415201583568323929 0.14139411676583368838 0.36250498171017997429 -0.31554684451863901362 0.86546405522912495112
1642650012.832983494 -0.01301275628968452669 -0.53362104108876573516 -0.07687545454189020910 0.12030140034842111418 0.31734291706667622224 -0.27484361025075343399 0.89960104266622187286
1642650012.966316938 -0.06085588181905105670 -0.44340578368489352856 -0.03663712743371348030 0.09563554850976202504 0.27818448436834875004 -0.25641133000245236451 0.92071736399631687320
1642650013.099650145 -0.06210979836452391184 -0.36134772464727182850 -0.04044566435398995463 0.10408037666177136216 0.24127325372975949591 -0.18385106399180103920 0.94718175578802277226
1642650013.199650049 -0.02152145764818809079 -0.28909354559696176512 -0.06085208745392958751 0.09529740924363853949 0.26843961022410894879 -0.15053378418348148382 0.94667743148000516040
1642650013.232983589 -0.00725261492677060221 -0.26080497098671218126 -0.07031024648373097874 0.09195938263861881679 0.27736132748036224083 -0.14021204676143120271 0.94602047964408553238
1642650013.266316891 0.01178332543769948157 -0.23991185372090817474 -0.07683644977113340824 0.09086137794237066079 0.28514232045611409561 -0.12574239783080937150 0.94584719509605508225
1642650013.332983494 0.04849559014312329608 -0.19085281192892478153 -0.09897225202495231466 0.07889882464856630417 0.30276551980727250957 -0.10400015456675570924 0.94408261467680776313
1642650013.399650097 0.07711832308495848720 -0.13468427584755873760 -0.11654307358450877175 0.05939164835441053392 0.32504153457317341847 -0.09190089268336650019 0.93934810311836092200
1642650013.699650049 0.03878842494239589933 0.04410264521272892063 -0.08718660381355597400 -0.00141575226845093113 0.31286212698194015847 0.00894962080739936279 0.94975533135289869069
1642650013.766316891 0.00404930708257212300 0.06233145094284228693 -0.06355497639429266710 -0.00791346528808575464 0.29270784410628947203 0.03573200685485431599 0.95550129186302368289
1642650013.799650192 -0.01012297594853826810 0.06568431547878438026 -0.04511247965058943349 -0.01165838099288823461 0.28367796407247386492 0.04891723493321532140 0.95760012478007205949
1642650013.899650097 -0.06962827333634907800 0.07931440723105277757 -0.02380532927365493212 -0.03273961365122721179 0.26078246265613747035 0.05469972512897473826 0.96329048834699038117
1642650014.032983541 -0.09968420332403840622 0.07804778917408700112 -0.02476034006592338008 -0.04708085618973011088 0.22900521284893224361 0.03587849415849662937 0.97162376418312035309
1642650014.166316748 -0.07301257693191971765 0.04737859474546698979 -0.03177888672630056061 -0.02897862254386963585 0.22982206006016592248 0.02825508280111031431 0.97239071902248419565
1642650014.299650192 -0.01895658006919372432 0.00543082974033500844 -0.05832490059957023271 -0.01634904504913490750 0.24713270163304290605 -0.05999614703974503332 0.96698428055988583374
1642650014.432983398 0.03963993459237577510 -0.07589487821451974814 -0.08821680460983992444 0.02279125516665410703 0.29739025314011596768 -0.10391305476669290830 0.94881066239489553205
1642650014.466316700 0.04734073002442262812 -0.09729113760257444843 -0.08883818984314545419 0.03236971123210379692 0.31187464138584114481 -0.12299826548672922188 0.94157200284548570046
1642650014.499650240 0.04903537210130144708 -0.12276684398457438085 -0.08918891239236702295 0.04350314471653358300 0.32008962569482785065 -0.14368164375264380617 0.93541738981636191053
1642650014.599650145 0.02942647368935731589 -0.20770020081527326705 -0.07498897324575302947 0.09166737114765428907 0.30188084194423636664 -0.18038667615730899496 0.93162529881859434955
1642650014.832983494 -0.07959958807965875072 -0.41449669154004303850 -0.02994445348115894537 0.25043553278739083545 0.20211707491333061326 -0.30663886863188133391 0.89576968925619193662
1642650014.899650097 -0.11212168201695651981 -0.46270380671899019598 -0.02688575298994289042 0.29941224362653473534 0.17000969565509144177 -0.33977282576817885440 0.87521622392371967170
1642650014.932983398 -0.12884218783582673806 -0.48415103694472239049 -0.02827822718602438640 0.32658115380006769168 0.15286850452687233970 -0.35370056434580882110 0.86305960459738262358
1642650015.066316843 -0.15424749421741029698 -0.53412051168896057529 -0.04655226831014406402 0.44402339647575023163 0.09575846339690927134 -0.37733734971974941530 0.80702544233529405204
1642650015.199650049 -0.14756711791332366435 -0.53858570676315264958 -0.07239866364161208490 0.48305647181088756659 0.10319882259650818568 -0.36161771328360525768 0.79072060646972386344
1642650015.332983494 -0.08927465575244024343 -0.48009904183196489003 -0.08641380194714949614 0.46226207932080221052 0.16195481126894056834 -0.32554623814634769952 0.80876699732222734340
1642650015.399650097 -0.05521557353647613825 -0.43857109953541606462 -0.09621349321227612439 0.44820410302566471294 0.19673024243489994900 -0.28518575839926457727 0.82406272634351152018
1642650015.532983541 0.01564164269933842472 -0.29925936429833177588 -0.11079348696969307242 0.39776571061396048812 0.27415508256339143900 -0.20986351605132835818 0.85004631332357694085
1642650015.599650145 0.04537970529115174789 -0.21248441328371989179 -0.12005258852377438672 0.36215022415196979066 0.30950814622322181391 -0.16409600215829003855 0.86378494119995474776
1642650015.766316891 0.09038870478460370173 0.00379754154391171318 -0.12947538430808730459 0.23118203740167098115 0.37167509509716395444 -0.04178098453782612409 0.89814633473525706808
1642650015.799650192 0.09298800409202512274 0.03898081566163905803 -0.12719786835243526713 0.19621484013924223033 0.37387739854900908787 -0.02404561032430078266 0.90616622977657301785
1642650016.032983541 0.07284830689082205657 0.17833803935821537778 -0.08128177940216835262 -0.03145946401209354787 0.26660441105282678409 0.08170207211776125966 0.95982142169411455157
1642650016.066316843 0.07662467015428982287 0.17638660445975437585 -0.06881675579776434792 -0.06335328185123331735 0.24834682499647722786 0.09520104243624619156 0.96189759211253844651
1642650016.299650192 0.07024607383870679067 0.20447784376017713592 -0.08020422821139343295 -0.27979030613894145807 0.17047430594993123742 0.12938451459335745253 0.93590359705741488217
1642650016.332983494 0.06375541764385123100 0.17794164757184979808 -0.09241897970129335504 -0.29515668210758599921 0.16987740944507087604 0.13486994745808375540 0.93050217411896829489
1642650016.432983398 0.08145731863729580025 0.12217849082185805454 -0.12151936122523790407 -0.32386187948979749951 0.18042717883648010102 0.13495785424568165767 0.91888295975485700939
1642650016.466316700 0.04327166122343512056 0.05429044949404112502 -0.11482867814828373598 -0.32295876573071846671 0.18441567416950191416 0.11911848130035140869 0.92059724210481796991
1642650016.566316843 0.06464828877972654542 -0.04581351861822968718 -0.13354004693323812125 -0.30763120558634515778 0.21614133630360890526 0.06792790053937139416 0.92413839029589894825
1642650016.599650145 0.07195577133521630087 -0.08600536575719651411 -0.13638915580755722745 -0.29457277118904406921 0.22973993856596205965 0.05035724452379289340 0.92623463065558397922
1642650016.899650097 0.10549206442585683241 -0.47048185785171542372 -0.12766793994297029324 -0.09941451530933072267 0.29074458590169993677 -0.22118988693912117194 0.92555895210976091292
1642650016.932983398 0.10239775247893570520 -0.50465771973463380284 -0.11886734291310102618 -0.07026101870251481862 0.29086647542381310894 -0.25448237584140093182 0.91961883577465353135
1642650016.966316700 0.09723727366872432498 -0.53730694740001250231 -0.11228831789814520958 -0.04018049813341276894 0.29033274371086437160 -0.28638167066587766341 0.91218307603555826013
1642650017.132983446 0.07444387856457135300 -0.65724055092697220015 -0.10334146625787249407 0.10163675067070719604 0.27903457597149822211 -0.40248746177104965938 0.86591773249114412092
1642650017.166316748 0.06563775405017470421 -0.66593196719435499009 -0.10473726895159478356 0.12319788911475218485 0.27633260907771184378 -0.42019801840477877253 0.85550931883099368136
1642650017.199650049 0.05605683837312992052 -0.67017998389853861152 -0.10686627981539068011 0.14313071993303552731 0.27453203861975433719 -0.43464819723194159096 0.84571076700356362377
1642650017.332983494 0.04367850343895154919 -0.52772163942436367545 -0.10785742842180341683 0.18737765960804883547 0.27612451695992423772 -0.43141460690814131818 0.83816842028303151224
1642650017.399650097 0.04081222557854773808 -0.47980976826761329024 -0.11517051490336963071 0.19135703964100253538 0.28725056062276554947 -0.41239338708718542570 0.84309032320890597845
1642650017.499650002 0.04991343054683337194 -0.37900797034246247463 -0.12835710278111148175 0.17782362506146612291 0.30648440747601179979 -0.36354340580649902037 0.86155804124776658171
1642650017.899650097 0.13409599935682875449 0.11432114027955592173 -0.12387045773375748858 0.03325519381458481166 0.39962151695348641089 -0.00696042014630089863 0.91605037406440470438
1642650017.966316700 0.14367259451927447134 0.17326921771322392751 -0.10960832485668552116 0.01805597213705280660 0.39648087554963534762 0.03117286004622833728 0.91733589812571858513
1642650018.099650145 0.15497323934575818472 0.25962358976190502702 -0.07166993777546835920 0.00478460956842462377 0.37078932276124648704 0.07982469619745197198 0.92526774693302615837
1642650018.132983446 0.17577049487549378792 0.19042650717882436684 -0.04510375108851054360 0.01308779761498842474 0.36350517451987490736 0.08778127285803470625 0.92735491899611310895
1642650018.166316748 0.15535730191685026558 0.13104318950990850867 -0.02703919290774021641 0.02141139922327965975 0.35227449949753053549 0.09164553803116302910 0.93115268583946231296
1642650018.266316891 0.13887228632227541225 0.12988496260076506927 -0.01176092321645328190 0.01719627522507350542 0.32926993434352297418 0.08939264447976151551 0.93983751445061536334
1642650018.299650192 0.12870816490261313692 0.13037899948330447519 -0.00397816853113152919 0.01436545997831786305 0.32202834553842901721 0.08639253329988616503 0.94267051954509617495
1642650018.332983494 0.13479208961717775717 0.12589388043317337185 -0.00228226288490759616 0.01364683254278167314 0.31382637573625182803 0.08445880062941267530 0.94561804173251651218
1642650018.366316795 0.13434826341934058558 0.12346813022581963615 -0.00412928908716523463 0.01302666656958843643 0.30450890057023577429 0.08336527341092520027 0.94876491641539573152
1642650018.499650002 0.18843911077632136131 0.10655962382335176786 -0.01121782704115066760 0.01497028732715455918 0.29514940481779250447 0.09235158486253426668 0.95085956066415155963
1642650018.599650145 0.27100616397514876166 0.10394129129264284561 -0.03000138472114102089 0.01281247449278870298 0.32122705373599547141 0.09513292039271137313 0.94212459255823355342
1642650018.699650049 0.36110220607837623108 0.11204020851530206715 -0.05650160364590403606 0.01286640489148056093 0.35005689689294022804 0.10241273524436431130 0.93102430485064224808
1642650018.899650097 0.48584821998715832514 0.16377506496527804991 -0.12040606788615476619 -0.00492343324888424184 0.37950492773361338417 0.08478650341727875239 0.92128335406063888158
1642650019.099650145 0.52484714404645693708 0.20434849913385677578 -0.09072331968878431796 0.04554167089572172533 0.37469635912442872394 0.08596289993042677269 0.92202981215710932972
1642650019.166316748 0.52018202290940773747 0.20133986628851871514 -0.07394107362909736747 0.08146310252129242147 0.36378437449071476806 0.06449077299845468181 0.92567036897702770215
1642650019.199650049 0.51473922328353505229 0.19809489949857309044 -0.06444603054024826416 0.10292693512309522563 0.35640700529900876115 0.05286559500853087873 0.92713824290898094738
1642650019.232983351 0.50943124983179866039 0.19346581927665659761 -0.05587439981814529971 0.12396150080863224674 0.34904166192986357808 0.03795999692621530863 0.92809617130331489854
1642650019.399650097 0.49726813344240428094 0.14458582864482391606 -0.03314691855351301064 0.23564031288790940333 0.32530863912766921908 -0.08403332492247483909 0.91191355541710517052
1642650019.432983398 0.48913622233779990855 0.12784502470067640734 -0.03504086517059552125 0.26062549390159345242 0.31944413995470888334 -0.10443147729663965206 0.90505461709600065756
1642650019.466316700 0.48012646497491229258 0.10965210133146097160 -0.03880495618022204024 0.28489487010129571631 0.31380668065141847922 -0.12355478210492365498 0.89727058125601633076
1642650019.666316748 0.44216381379587332834 -0.03545091594809205576 -0.08130743205745205593 0.35966909589559581395 0.30655688409267267680 -0.28206586660480914563 0.83492506560140733463
1642650019.766316652 0.39444511269265908338 -0.12768170538197459729 -0.09631909236756180936 0.37159365266931132510 0.29363651661258954872 -0.37616217030478749095 0.79636535273647846012
1642650019.799650192 0.37245637344199811203 -0.15993466909535303255 -0.09619686113770221925 0.37510838294358977985 0.28575584923787550329 -0.40664949195541250093 0.78247906448938986390
1642650019.899650097 0.30594433820408628577 -0.24911523346652883482 -0.09028138945224338519 0.37981573264207774132 0.25314033163040183805 -0.49061433202757043226 0.74226515407147652947
1642650019.999650002 0.24562181026300861086 -0.32118589271439235144 -0.06705708563079605666 0.37174793212547196930 0.21404666269430058789 -0.55401452381832527738 0.71348119004513488317
1642650020.099650145 0.20065352450676160467 -0.36637866087049558717 -0.04229885420600663221 0.35486409821208381166 0.17449617643524337196 -0.58665676256669518907 0.70672229280274512231
1642650020.199650049 0.20373377414226170878 -0.34688133832980111437 -0.00962249452103837791 0.32142264189093489035 0.14559486139673619154 -0.58695823232156474347 0.72867664647953478418
1642650020.332983494 0.23075909319774046136 -0.30385609330489771196 0.00084627363266481044 0.25863700262145533637 0.14683759821317091121 -0.56746184807778354831 0.76781030964823804297
1642650020.399650097 0.26806068605924987525 -0.28086498801318410257 -0.00616555537518355401 0.22419262744221393757 0.16916433139932199325 -0.54681896935872242871 0.78873957015750240096
1642650020.499650002 0.33743842073158480943 -0.22185568577923883704 -0.02086243969781436183 0.16455174809686931581 0.22521280738362672857 -0.50501002172683762126 0.81680278620001589562
1642650020.632983446 0.44209557639471441792 -0.09760616451510921443 -0.06232546108567656173 0.07234556851619285134 0.30785031204721829967 -0.41320922245787361504 0.85396278757581634000
1642650020.866316795 0.54321292387636821442 0.21658631792557792028 -0.15167632006628986585 -0.04265473708453407925 0.38739645608627165663 -0.22465790173696029153 0.89310323390031065571
1642650020.899650097 0.54524154079487674451 0.26202246844003002080 -0.15540121958298747096 -0.03980316841355466262 0.39401863486404559156 -0.19589771908489861385 0.89710038837437267034
1642650020.966316700 0.54539146372832658649 0.34425915667999784642 -0.15748068762960837352 -0.03100673004508974068 0.40202000385690156437 -0.14581341971906527921 0.90341405004606800677
1642650020.999650002 0.51951683990553076953 0.36832866189548801872 -0.13849451377302449129 -0.02527063912248805888 0.39947064469242821172 -0.12577434710855356359 0.90772540585618388675
1642650021.099650145 0.49013387593422441668 0.45374005691136243268 -0.11184900566493960472 -0.02296885251551472953 0.38597558847704860341 -0.06677051073626259770 0.91980268308476642591
1642650021.199650049 0.43901985653763847539 0.49097085058412121006 -0.06636011180594411640 -0.02169168344366840737 0.35964512980668333908 -0.02294810093084363040 0.93255468265372054582
1642650021.432983398 0.30035222224807078817 0.45856020034778272043 0.01383455389131185362 -0.02777706340980169719 0.30154275900816851497 -0.05429192372024670837 0.95150028179545187434
1642650021.466316700 0.28243724955655208353 0.42966013364988159262 0.02015553883148939879 -0.02297354962419581245 0.29260181211506447463 -0.06284981643832206200 0.95389008598386970661
1642650021.499650002 0.26991984656120365793 0.35600135085328232787 0.01906504883018394700 -0.01572120459176404653 0.28557864790160708557 -0.07667192105268158531 0.95515396461039991927
1642650021.699650049 0.31479901082078071139 0.23845725153206562275 -0.01139834190882469712 0.01422602091534441900 0.29742581874326301516 -0.19111237458420266000 0.93531361743246488327
1642650021.732983351 0.33000875128600543063 0.24553823673165994790 -0.02614274274456317160 0.02102726851961276081 0.30377478856967993215 -0.19933747678017421645 0.93142004603667616358
1642650022.099650145 0.31469477300620707361 0.04346868418216686542 -0.04317955094941277466 0.06127652141382291390 0.32731401530748716056 -0.29071085825335207797 0.89699382394769633375
1642650022.199650049 0.24971797799337933088 0.03777204387519578210 -0.02319911660546077059 0.08849072517929278126 0.30853891143374923001 -0.31867822309361365507 0.89186171675569581030
1642650022.299649954 0.20560998527474333430 0.05437026243343289628 -0.02688082773019432117 0.11868521631394367277 0.29839452690292922465 -0.31378840929082196798 0.89353867288306276784
1642650022.332983494 0.22808851576611818834 0.06868853639876762451 -0.05739488428852105445 0.12462301359505791043 0.30141004810415888970 -0.30084545925202210714 0.89616577541868591705
1642650022.366316795 0.22118512287557384743 0.07025981550215724958 -0.06495570476667600346 0.13234812668019071968 0.30228070939567447395 -0.28536459923294799079 0.89982075525968552299
1642650022.399650097 0.22049027534917681193 0.07825642167239342528 -0.07294201787537740733 0.13870578384319370846 0.30461064602097770448 -0.26786315643652242047 0.90345026940224604228
1642650022.599650145 0.34510094371241528677 0.15529692505641518041 -0.11047501202632810380 0.12370635288314067723 0.36263190960591201728 -0.15705519335937995207 0.91023541055639523023
1642650022.699650049 0.42211068047668892644 0.19779119982767598418 -0.11713043485169498392 0.10698198607486446299 0.37706671828933058244 -0.09904861458956330800 0.91463922754377868785
1642650022.766316652 0.46229971523418811330 0.22372564669245417757 -0.11111053261991267471 0.09623669963466356669 0.37152134511187384636 -0.08053232997089232459 0.91990484920949888714
1642650022.832983494 0.49960495199928273147 0.22873978278757167715 -0.08515889678341949376 0.08682466039792711976 0.36225544659021280403 -0.07770832667532813487 0.92476693589673208962
1642650022.966316700 0.56955956060764656446 0.25107108176905468255 -0.01962635112987286268 0.07286207042065415140 0.34979219431783664662 -0.08675264012443961725 0.92995189064798822187
1642650023.099650145 0.62082796994104338939 0.24629062358670258948 0.04024216932547972081 0.06147837848490255580 0.35184577485705542665 -0.12073836577430124839 0.92620041390848906193
1642650023.232983351 0.62227748819992922957 0.22834395758469089310 0.07437438344475344465 0.06711393964733083917 0.32253993626903920688 -0.15395528465897242998 0.93153715918483537273
1642650023.366316795 0.64590598923717479352 0.20328500786264297462 0.06651470124393558947 0.07813143388129635547 0.32305433197807353896 -0.14916029959252782855 0.93128007745002294726
1642650023.399650097 0.65833059585472164521 0.19827179784905679671 0.05933426730156945994 0.07346156418456804837 0.33844539454654759547 -0.15446178878641064758 0.92531057991503073978
1642650023.666316748 0.79437876729351641902 0.13862215036308025984 -0.08514345974115974935 0.04345473448784879789 0.47517122715146253853 -0.15328213960100756097 0.86534881788634865352
1642650023.732983351 0.80142051376541367791 0.12361422047152732795 -0.11119677716969944559 0.03917050250099355507 0.50848612469911913525 -0.15664315929735009303 0.84579575156632025301
1642650023.799649954 0.79278914417121570946 0.09917434137228070545 -0.11461830183399376870 0.04612054010746888949 0.51132664351095891142 -0.16322357655391017683 0.84248206121730684348
1642650023.832983494 0.80947390066116198248 0.09890460610778951944 -0.10334240416567079535 0.05184669993576049990 0.50478330016638495170 -0.16283966005451983028 0.84616132308929892236
1642650024.099650145 0.67210595424084895733 0.10243766368333304118 0.05474091396504818935 0.03125980739681070986 0.45023663991873419388 -0.21145515711285001181 0.86694665870893250492
1642650024.132983446 0.64737728074850853233 0.11036126217864043741 0.07347477752911481252 0.02851129702851009154 0.44529777513264184874 -0.22253501532252573103 0.86681899169265697047
1642650024.299649954 0.52904810493093468171 0.14889599744071277398 0.14680044294226660129 0.06224594691867781776 0.40450808204381005773 -0.18547747895121227679 0.89336261308347686416
1642650024.332983494 0.50545757329319707107 0.15625474636423941632 0.14725665325425849050 0.07535594009299911855 0.40383557175255707650 -0.16641324151092395933 0.89640668579044668896
1642650024.366316795 0.47848630028319127927 0.15971203452667637190 0.15372822432862279229 0.08978877284611533338 0.40464595792632868099 -0.15116707133235060545 0.89741191297501310409
1642650024.466316700 0.43494930673771298180 0.17009366704681042060 0.14206394760033175251 0.12451538449996897573 0.42112192728044761658 -0.11347601810260839195 0.89122131634179546644
1642650024.632983446 0.44257434857546368301 0.18845521040497931198 0.06698056385160762460 0.13673209980147327247 0.50388638180765821240 -0.07900625490514925908 0.84921190453180139812
1642650024.666316748 0.44664431943140037173 0.18969801304265801467 0.04798668684903734105 0.13771061361543684987 0.51772569758510122995 -0.07322478848292496290 0.84120985450083207713
1642650024.699650049 0.45426129464451237006 0.18866996829180676665 0.02897481427600350629 0.13899853711399068334 0.52818089106308285796 -0.06658115884903813286 0.83502772545724346376
1642650024.766316652 0.50207573932000360006 0.17590415705454673367 -0.00605714234498470113 0.14302668407314347854 0.53881312823571159143 -0.05915639367047405284 0.82808471883726475493
1642650024.832983494 0.53768518275413001994 0.16569929588707116297 -0.04271956711678310398 0.13898042408660807312 0.53225615317082775046 -0.07826700510766941565 0.83142173717312373160
1642650024.899650097 0.57838124827680781337 0.14615307785754527714 -0.07689870668899174977 0.13661771710942255398 0.51917511024163864874 -0.10670556313667185766 0.83690305715362145467
1642650025.066316605 0.69092592029452604141 0.04106554828029224807 -0.13554087202786704869 0.15413974680391046013 0.49122607490064212898 -0.21203349856148140384 0.83065015336224024001
1642650025.166316748 0.71978674603460468528 -0.03817246747352075892 -0.12460284387748613022 0.15983573476306772720 0.48519900103155894078 -0.29590148557123135964 0.80714111413523348393
1642650025.199650049 0.71477763563914120670 -0.06555834397273935243 -0.11394824814784675071 0.16564481496307706387 0.47889850797947280947 -0.32081886748336607695 0.80018327188061932898
1642650025.266316652 0.68660804589016943833 -0.11289858347549737438 -0.08369359366314581272 0.18982440057131227951 0.45193248611913272583 -0.35467283552469763830 0.79619777987557383003
1642650025.366316795 0.60540770884007799602 -0.16615943862172749546 -0.02736788390741207860 0.23292243321833400183 0.39613812833261297097 -0.41035594495843075169 0.78767361376528177708
1642650025.632983446 0.33051329222882469550 -0.24113727776536639236 0.05347182503848667279 0.37710401288782008367 0.15468862081627349214 -0.56781933416274665838 0.71515396790120444592
1642650025.699650049 0.27338440929379020927 -0.25539238169465738881 0.04620700042058818041 0.41299429597373399359 0.09745731597162944626 -0.60749843956925131394 0.67147853947664659646
1642650025.799649954 0.22215053611317436832 -0.28896870976862243374 0.02087318165281642351 0.45689763359124163644 0.04495441748956349043 -0.63677758960498143104 0.61946586196800834667
1642650025.932983398 0.21312213641639676798 -0.33620432356736490442 -0.02556255633171787556 0.47436678307750579364 0.05211808602177954441 -0.62660916051251336345 0.61613376809255337996
1642650025.999650002 0.25291345086634153816 -0.34655269354718315489 -0.04416874796757356419 0.46131245281799704294 0.09080841121276503336 -0.60917377184327248241 0.63863289065494965868
1642650026.099650145 0.33909004257624286716 -0.35984598977076631687 -0.06868274901330427562 0.42413643104635112557 0.16861642679702293357 -0.56260255402243730671 0.68931498945032265713
1642650026.199650049 0.44328342389418418090 -0.32723652776409800635 -0.07588068621477675468 0.34420131906303197411 0.27086398764029984143 -0.52394108842342934640 0.73050933465393619315
1642650026.366316795 0.59976183627967039058 -0.18250632793707316504 -0.06966733910168901311 0.16818612788843181893 0.37725184890838209251 -0.35906367929280380569 0.83693950981765574682
1642650026.432983398 0.63735126316041967875 -0.10571407560769455203 -0.06307849387521967388 0.08642883695245805187 0.39662373478424228779 -0.27445990665012770515 0.87171751662476504308
1642650026.566316605 0.68008993950656437821 0.04443692732508656290 -0.05621600757505387097 -0.05595207023163119298 0.40545974995397365825 -0.09564161957061621810 0.90737227068605386116
1642650026.599650145 0.67910900807166429960 0.07999105299793060619 -0.05451034053679415514 -0.08478032374791991121 0.40441572584713803007 -0.05160937966562022250 0.90917362990974404102
1642650026.832983255 0.68054684269172915911 0.31441960607638119729 -0.05850356689084326711 -0.22606046728724360495 0.37044187089933111601 0.17490594130472775225 0.88378583215097050729
1642650026.899650097 0.66897209654212663743 0.35534635693243066257 -0.04711595665294857765 -0.23349308102201243864 0.35700791221293132205 0.20236826819672470990 0.88151767750809761903
1642650027.032983303 0.67079707120957077215 0.37630986484481071530 -0.00897566813675727999 -0.20440606952522991091 0.33162437257346744079 0.20868059385788736981 0.89704840672263630452
1642650027.166316748 0.67539206359381120937 0.30352008778557498792 0.03435302256398718723 -0.15079965681258564181 0.30742751031514664595 0.08902570622981052784 0.93531931073667040621
1642650027.366316795 0.71474017282473689683 0.12885135783646234353 0.06344318810947655041 -0.02698305010048718949 0.27969364116624362282 -0.20263181055118162366 0.93807448075896038286
1642650027.399650097 0.72079144975955777852 0.09619676793459260022 0.06495766382267816053 -0.00744256959186123061 0.27835007622059809718 -0.26444938352742192178 0.92332679305748732723
1642650027.432983398 0.69416853339362660780 0.05054372201170711371 0.06548261846045455581 0.01385183319262419180 0.27807492602442213103 -0.32100998867785612845 0.90522651828299771637
1642650027.499650002 0.66261301720296228446 0.02623409168297188149 0.04607132242271968353 0.05480777955693841991 0.28023074686480686779 -0.40482076112336895513 0.86866966516341914684
1642650027.532983303 0.63266271849599520216 0.00693364328718675243 0.04069183064046453385 0.07651427196732948910 0.27964364945931863282 -0.43734052338054185682 0.85128036633744641470
1642650027.566316605 0.61706081105736243497 -0.03252285452530269405 0.03630214081396235942 0.09677437078035142082 0.27816280237853679980 -0.46809389893540898075 0.83315561470377985653
1642650027.666316748 0.55650433775286012317 -0.17013517330858329846 0.01571241556435942419 0.13894334116416814928 0.27065058171795258746 -0.56913506610999875512 0.76389023235399389211
1642650027.766316652 0.51739703739424247608 -0.23163221465946218225 -0.01679783364902538711 0.16588189167295983029 0.26290605737015559917 -0.65054935180411022078 0.69292794999215678864
1642650027.899650097 0.47599175497501861054 -0.27174522326202765754 -0.06167221356618624029 0.22029240146777509524 0.27161092202860664946 -0.67803657861469568413 0.64650225285826234956
1642650027.999650002 0.46682230202869479108 -0.27119500775042570950 -0.08898901474164952474 0.26487356489958163719 0.28696434032368234313 -0.63721407745506086773 0.66441830309909177821
1642650028.232983351 0.56185014009766931498 -0.13722796812995766147 -0.07603766531481830071 0.22306431725605949112 0.32325903925242321924 -0.42407433216088724626 0.81603116650712903546
1642650028.299649954 0.58946628236039722015 -0.07254912558734748218 -0.05550314711199509643 0.18905682256318587231 0.33522096074141360944 -0.33553183981898304644 0.85982719763310810901
1642650028.499650002 0.61453921663537769415 0.10277040580086109489 -0.02300125249365549823 0.07338984222288751080 0.35479116205803007400 -0.14309710890196697397 0.92101052100826241720
1642650028.566316605 0.58688024055036935867 0.15279011546655965614 -0.02366112733265661808 0.04186255078976312133 0.35036289891939348395 -0.10839301818799121357 0.92937845870789970171
1642650028.632983446 0.53601460442618598101 0.18749998752129184987 -0.02892223967954576230 0.02579456584820853313 0.34082693931493845962 -0.08658032946520496931 0.93577533861478223720
1642650028.799649954 0.50338021193453008628 0.23461540392046759118 -0.03888177024591581848 0.02680205057942008917 0.33480042906337409425 -0.05046255951028887077 0.94055507700048557318
1642650028.832983255 0.52771757878475800130 0.24116064414535287597 -0.04907387904447463312 0.02685753908084754019 0.34179077546375707941 -0.04603575840807466735 0.93826352766703968733
1642650028.899650097 0.56177357364042868060 0.25155862387124039437 -0.06966654004352561269 0.02289130099330609000 0.35517383880711334010 -0.03528917567265631855 0.93385341817985378920
1642650028.932983398 0.57807339401572388482 0.25625554659866822682 -0.08113833152405856841 0.01863134853365215268 0.36657633313861603952 -0.02632859555069239771 0.92982873148273492703
1642650028.966316700 0.59478112119004677982 0.27118338517177070779 -0.09865432304809505781 0.01035255412288685686 0.38186260236931668377 -0.01534635384948219473 0.92403369362723586367
1642650029.199650049 0.62485860416667748929 0.36201937286038748942 -0.17929111770861799746 -0.08409352953097400107 0.45206409825561488791 0.03725352702307868635 0.88723080654568220460
1642650029.232983351 0.60281737356320219678 0.35927061142406396810 -0.17587815406837736809 -0.08485713995627933159 0.44638841501356979480 0.05534219606251407353 0.88908598576014663539
1642650029.332983255 0.53080287703945971955 0.33566972369300751566 -0.14807921547145938557 -0.08474413063760967424 0.41761744633677183591 0.09004682613302998628 0.90016980061597107188
1642650029.366316557 0.51984890389359161844 0.31675523316628168002 -0.12767194049469388073 -0.08502114713416535074 0.41067882852258191795 0.08913593778385107969 0.90342077070360948809
1642650029.432983398 0.46866297404222123646 0.27230530369908773070 -0.10050613354663942567 -0.08266110152589030424 0.38921620078477853211 0.06338384858010207012 0.91523788114367521374
1642650029.666316748 0.34327467638090752855 0.03600528498736892125 -0.05069715453476999339 0.02735442501856809663 0.31792127492804767019 -0.12076838672514481066 0.93999616762401438930
1642650029.699650049 0.33242296148816957713 -0.00130660463515754207 -0.04741866104975700491 0.04759972654195361585 0.31908654524358243121 -0.16747358422762706476 0.93159574991709703795
1642650029.866316557 0.30179061107982896317 -0.19766181040448477235 -0.05397005274780142942 0.15054722628267752649 0.32575565780880449962 -0.38012171079035367294 0.85248241568372540300
1642650029.932983398 0.27149169857720523158 -0.27039704992417773477 -0.05665890086665132525 0.19200639777701944411 0.30875278753952906108 -0.45270525897405494709 0.81416411607027805442
1642650029.999650002 0.23425070347248913571 -0.32709261663587346769 -0.05890492190352081964 0.22807391803910215256 0.28296118430387628973 -0.51340579397144181506 0.77738648483504912967
1642650030.099649906 0.19115180041061927141 -0.37204217290667757068 -0.06807063479455340016 0.26291966645627301569 0.25693132877844437889 -0.58263723942630829544 0.72484025034234655926
1642650030.199650049 0.18878702830997190487 -0.34197388690983981929 -0.09401813757976799912 0.28730547220037927492 0.25723495879391372609 -0.62252812409301261365 0.68098786797654875524
1642650030.299649954 0.19978393764837867885 -0.29224121193321650480 -0.12007794643215131958 0.30444136579263575415 0.26716895087144576504 -0.60974169988642112905 0.68128647858605217991
1642650030.399650097 0.23366813275484316081 -0.20399656833769078124 -0.13322329835100565898 0.29086133334813879525 0.29147219683637487497 -0.56802699101174647378 0.71259313827489367821
1642650030.499650002 0.29812525473579354340 -0.08400006421323132078 -0.15122482051904895251 0.23908257941680413627 0.34477905981566225879 -0.49310345352590573276 0.76211278971872686849
1642650030.599649906 0.36460556447445413575 0.05967979119481955225 -0.16899748357601393489 0.16604401039857982769 0.40609697567481761737 -0.37338621297419116729 0.81737223400315894839
1642650030.699650049 0.41058820094412618040 0.21019164827497918702 -0.18079867506558949808 0.07764648417123036495 0.44891657334821072345 -0.24373068589122223737 0.85617771894866645521
1642650030.799649954 0.42108297868224381366 0.34051872334560701061 -0.17659648517537529511 -0.01024527356040735859 0.45584693708797691114 -0.13621558582675410976 0.87951345555088389361
1642650030.932983398 0.38598191237782569774 0.45295913050172093017 -0.15473971483016149553 -0.09789568933537934337 0.41167227855338434095 -0.03638495540609181650 0.90532784343590821940
1642650030.999650002 0.35416476002296265468 0.48129180180017294699 -0.14146179383939805341 -0.12329303962138138395 0.38540178526350987731 -0.00347257798013495380 0.91446827801667984748
1642650031.099649906 0.30411860422051528730 0.45838869102813223355 -0.13350074454032090365 -0.14583863922366410715 0.35996358200744166256 0.00761512892474501633 0.92146585435881522841
1642650031.199650049 0.21359269632319263788 0.30529834356042945265 -0.13833163650098512232 -0.13856881221691486061 0.34750525870109422177 -0.03432386481314050886 0.92674735055470658374
1642650031.299649954 0.18916898176293539535 0.21285123161536531611 -0.14792191525134398833 -0.10545227050274930125 0.36432754291585783823 -0.09008901408128382193 0.92088502521246973220
1642650031.432983398 0.16035427879173363985 0.04308047545557389807 -0.16380780458110594244 -0.01284927703761864701 0.40710025223755363921 -0.18850701534978070439 0.89362709553350516689
1642650031.666316748 0.04440996031625910750 -0.25293094603853977231 -0.14686163419680350883 0.15142350543359031634 0.36955746375424403105 -0.37040920216010031485 0.83862698855978401458
1642650031.766316652 -0.01533138888155364046 -0.33534541241045473514 -0.14154627179782020008 0.21287667191381356990 0.33304773399018894331 -0.42162613692088646289 0.81608463415510335004
1642650031.799649954 -0.03267208545777833956 -0.35534330629297944393 -0.14403402601028175711 0.22958509122754514054 0.33008512049714433534 -0.43991893391589043105 0.80299802658209062933
1642650031.832983255 -0.04856314978980324354 -0.36169827896819117807 -0.15094759142618460745 0.24364437574116895591 0.33221675774887426957 -0.45571979651772159814 0.78904303501289985157
1642650031.899649858 -0.04837517984856135739 -0.32906697064247480977 -0.17286504414048073364 0.26309894354552487705 0.35069451907507481758 -0.46430252223693224689 0.76955537035378662747
1642650032.032983303 -0.00558485122604745251 -0.27249795480822269766 -0.18235365883846610391 0.26209442294404161622 0.38871435411079491296 -0.38620959116551017987 0.79438644000362124142
1642650032.099649906 0.01409378041431869240 -0.22768118701991249542 -0.16698922626140935699 0.23349395011083762252 0.39201962763043102234 -0.35106938860333819497 0.81764996862949501644
1642650032.232983351 0.02150354847880860468 -0.11880127571038219536 -0.11399878804728962034 0.16776860872385315759 0.36093131234939529461 -0.25416404765611322336 0.88146634568295734180
1642650032.332983255 0.00835257028066838450 -0.03090293930566684333 -0.06788247215151109459 0.11110642120134221755 0.33940258557918484561 -0.18856627715178661542 0.91482457727758359489
1642650032.399649858 -0.01078807383035678726 0.01970617957340507764 -0.04183733178376020795 0.07298036217163429706 0.32843213682586319679 -0.16334985485105318892 0.92742817681879519132
1642650032.632983208 -0.09326837626459279218 0.09310482023418305275 -0.01319743169849271411 0.04023346903890481080 0.30580790139445707121 -0.10499786245667565299 0.94543019006870232523
1642650032.699650049 -0.13713726077882212873 0.11746848117420911894 0.00390364097637769213 0.04231823069540524562 0.28789449501587288660 -0.11115382938488745090 0.95024773259579065066
1642650032.766316652 -0.13383441468447215827 0.13160658917778880750 0.00857943711903164270 0.04189927794024103647 0.27476324729336482067 -0.11009449170348038771 0.95426873119758248709
1642650032.899649858 -0.09001945856320898998 0.14742123717723101817 -0.01945433193773575195 0.03478801121338210428 0.24257424884352291050 -0.10863870695707786296 0.96340290607020295788
1642650032.999650002 -0.04174078298775318191 0.13627621036678844169 -0.04146504067067454530 0.04009388826325521737 0.23323840536670481516 -0.11129144929074819004 0.96519766871905321448
1642650033.099649906 -0.01362757083151046149 0.09892030754005186333 -0.05228938946398085236 0.05567695107008006211 0.25198010610702104017 -0.11347720777345335352 0.95944203918828507849
1642650033.199650049 -0.01448111011130341283 0.05286162322076871922 -0.04799234393093290696 0.05767512223757841061 0.28427458406389166656 -0.15624543098648793760 0.94416571978971386425
1642650033.299649954 -0.06772050863381072483 -0.00462250814736131239 -0.03846502220165598507 0.07103950873834288804 0.26659128701789525095 -0.18984727883559895933 0.94225287720604777864
1642650033.399649858 -0.14599858656352271424 -0.06618250808307440947 -0.01242587304588538104 0.08519703700499316190 0.24939700819647164787 -0.23442622168984020292 0.93572802874149529906
1642650033.499650002 -0.22474701399785348976 -0.11563744860638409950 0.01100313782058532155 0.09181978224625789164 0.23939502773681969883 -0.31928458741278964439 0.91231381690939095108
1642650033.599649906 -0.28324829303133447489 -0.16084192143181597068 0.01971714668144280286 0.10476318657184122141 0.22313614407880258406 -0.37719153009785277852 0.89272699386060805349
1642650033.699650049 -0.31715275238556928095 -0.21975000873462849360 0.01209261788086836084 0.14000773614110911813 0.20515166031529685764 -0.38900186325142976917 0.88712354296199047443
1642650033.799649954 -0.30701871002951502954 -0.27243613118482301605 -0.00706445182873199733 0.17336429549326470845 0.21150177219371596449 -0.39869823041734253621 0.87535795105152336415
1642650033.899649858 -0.27919989440657216884 -0.32941503999440630013 -0.03578420401983010285 0.20480608861480775751 0.24107873352934650057 -0.37756263079700624896 0.87027695024735285401
1642650033.999650002 -0.24856017274027730757 -0.35650136052795233788 -0.05088532987216235620 0.21176593810833799214 0.29590398176327170621 -0.35559024225247726214 0.86090162077240939276
1642650034.099649906 -0.24882771972441045105 -0.32748218865596512295 -0.04571798384469048793 0.19152579408015843465 0.30312666752795369707 -0.35063454207839184207 0.86515172746567325923
1642650034.199650049 -0.27672536920993856535 -0.26165381954083449800 -0.01933460076115290152 0.17240561649389127274 0.27187890261971653372 -0.31494913539443142314 0.89284108766675829294
1642650034.299649954 -0.30866797756407193809 -0.17705584939848736936 0.01939526922069901085 0.14427690808213144980 0.25920021217076327780 -0.26257344057149289984 0.91818005429836047071
1642650034.399649858 -0.34015526713464810937 -0.08449616154619901676 0.04462056338112391912 0.11281423067858109555 0.24551938194759337364 -0.19875794769307969512 0.94206605961222622536
1642650034.499650002 -0.35680809443712080409 0.00288179225744319544 0.04456802366746416555 0.09163483569859340316 0.22506808878987810685 -0.12903095979446296826 0.96140440175270835965
1642650034.599649906 -0.33446459475309192610 0.08827431358316449594 0.03473687621522394964 0.07523517416676178682 0.23443900637257056307 -0.06320365368020681995 0.96715216952691129837
1642650034.699650049 -0.27332007598988145025 0.16760010196893296297 0.00092454985748491780 0.05814596605378696131 0.26439460051643620675 -0.02450856699378806819 0.96234810333544951177
1642650034.799649954 -0.20228189945428590168 0.23444453596876793644 -0.02745198410102869455 0.03412866065588127107 0.30439662538634537636 0.02218802141911398532 0.95167516552694886300
1642650034.899649858 -0.15681929948149472831 0.30017704422755658866 -0.04176206480831086421 -0.00454882295259518253 0.32114843685685101615 0.00191846592300502989 0.94701600261170315598
1642650034.999650002 -0.16014683289034206681 0.32672765061169950496 -0.03442753641303405304 -0.03024248260452856024 0.30634820370165921632 0.00423646648739550540 0.95142956790630739405
1642650035.332983255 -0.29066406289704904697 0.19016781475330166162 0.04144786666355650823 0.02308067215734393302 0.21283229047040588822 -0.07824627249629596826 0.97367716392360836863
1642650035.366316557 -0.30569407256781744309 0.16129529768738706808 0.04678183004773157211 0.03763382753746498388 0.21052532204245291703 -0.09636806621938678874 0.97209874993075562344
1642650035.532983303 -0.35882908227730020423 -0.00467613972265274597 0.05433457869318181199 0.11185711106455308028 0.21759405174184290321 -0.20955623283043120497 0.94669266429648568639
1642650035.866316557 -0.41184673029539492495 -0.30624757454600687323 0.02184737191005318990 0.29693186286608130864 0.20816209919677661211 -0.36197318302710362881 0.85876389307078870861
1642650035.966316700 -0.43317656130839338191 -0.33817695487344262562 -0.00850728230059158083 0.36915239487160900200 0.19435631825393742678 -0.36492220421827470389 0.83233641983503614536
1642650036.032983303 -0.43955674960053020550 -0.33747461040120491083 -0.02103044192654045935 0.41126935811968773349 0.19369208523373521169 -0.35338781485610909483 0.81759277363541560391
1642650036.066316605 -0.41837478009548784152 -0.28350485430619393190 -0.03051450242304630869 0.42131639332797676811 0.19871286607163443638 -0.34477774149572726348 0.81494417142513986274
1642650036.166316509 -0.38667672008481790424 -0.22791882106023061971 -0.05417711689998699204 0.43017472180813032256 0.22368928060481688136 -0.31500939741673128491 0.81589331042664214877
1642650036.299649954 -0.31888431369754277611 -0.09172582176438201507 -0.06563570462727430499 0.37762569461126571646 0.27238288891022660598 -0.26139219234069288600 0.84550607235052099853
1642650036.432983160 -0.24461092379344301362 0.08305164169888928916 -0.06754152757412931751 0.26109832096546137237 0.32154309878769588016 -0.19587981492884837253 0.88885814420213482556
1642650036.499650002 -0.21399191135043862944 0.16735038504755678224 -0.06276621545841416794 0.18793514013275536279 0.33692469108010453249 -0.16053557578929655847 0.90851002446305273441
1642650036.666316509 -0.16849400640207931601 0.33223193639849013525 -0.04283737785968574213 -0.00472270122845787517 0.31480614496633813060 -0.07120848285266613564 0.94646930174959253979
1642650036.699649811 -0.14776505270339085341 0.34431769800725259278 -0.03399983164264842872 -0.04779724521423737993 0.30439779813624123772 -0.05613636320186670553 0.94968737622767540607
1642650036.766316652 -0.17304997219763917915 0.39431145373659542974 -0.03236499730444245687 -0.13837869303859717807 0.26977061820630754418 -0.03705110869099338677 0.95220920296449795828
1642650036.832983255 -0.18936190457473187077 0.36617224417011584592 -0.01834574375695920828 -0.21564977067582694059 0.23233819987924719808 -0.02119392026963589845 0.94819035801253459539
1642650036.866316557 -0.20851373639644107949 0.37027158629634854270 -0.02079921818544069878 -0.25069024341295598202 0.21692124246417088251 -0.00654762113570423084 0.94342816636075510495
1642650036.899649858 -0.23029521737696537209 0.37621468697550181082 -0.02425090506829093162 -0.28150635003009999435 0.20488538551993870640 0.01285304251290843650 0.93734249503115896207
1642650036.932983160 -0.24671836335054223022 0.36405757313925096730 -0.02571194211785353748 -0.30601991627683161612 0.19695363416928157729 0.03156845798596794039 0.93089446732152292263
1642650037.066316605 -0.27194243113974708725 0.31127486527714981479 -0.05446614655279770345 -0.37764356850571095814 0.18597121838012373174 0.05697226691943368254 0.90529232952817262348
1642650037.132983208 -0.27412530165186527187 0.26274781496323595942 -0.07048178912817630593 -0.39201988648900892853 0.19914866335799677466 0.04417150412900247569 0.89705579352838993312
1642650037.166316509 -0.27888422823169478626 0.23551965618553080684 -0.07122588138623088538 -0.39455470899201222634 0.20847190231080389711 0.03129237766028400425 0.89436392741406411933
1642650037.232983351 -0.26878733507342911224 0.17028620786902284867 -0.09110692138847700794 -0.39213468969307252454 0.22815271503714076862 -0.00228305893562392873 0.89116301056675117920
1642650037.399649858 -0.27640180030785421739 -0.04787252821056366126 -0.10870064342817707670 -0.34931843200243067882 0.28860956338659565779 -0.10510733400709297569 0.88523081810513304379
1642650037.499650002 -0.29146055135222603827 -0.19376376350115653846 -0.10207398073986036213 -0.28941136741981676739 0.31056297534688404038 -0.19126952317712508922 0.88499020799977079488
1642650037.599649906 -0.31204167637230800780 -0.33304430913423826999 -0.08515821312192288495 -0.18707609091199545182 0.31635022325677808475 -0.28184380191797558934 0.88627825414758676370
1642650037.632983208 -0.32130993784680894620 -0.37633262915774973179 -0.08107938748085725955 -0.14585562020804826444 0.31621703423299202251 -0.31189745208399827225 0.88399824926191250540
1642650037.666316509 -0.32875224307254685696 -0.41498852043708922555 -0.07713578583529721866 -0.10379981038111391056 0.31403917389397284499 -0.34086528827237055905 0.88000900670153914263
1642650037.766316652 -0.34109376207784131152 -0.49945969197115147598 -0.06659061827286863466 0.02512507690774335931 0.30293539225412879912 -0.40565016748162641136 0.86200163587567835144
1642650037.799649954 -0.35085664714809700060 -0.51946563068198514657 -0.06986143551410460562 0.06849748703910321646 0.29679688393648262501 -0.41752869248847257477 0.85608965354324217945
1642650037.866316557 -0.36792374414658729487 -0.55804235913039357264 -0.07965697849943156883 0.15102922245434324822 0.28448854696535463837 -0.43445936100677889913 0.84113108624277999059
1642650037.966316462 -0.36452074592765609795 -0.49485455868442251859 -0.09393937978435740188 0.23835063221587302063 0.27181071027623732173 -0.45576537061867855583 0.81337927244689456341
1642650038.099649906 -0.35532688647651805569 -0.44962236443715258849 -0.12643029175669531772 0.30516021388945963055 0.28087004567470025274 -0.44496813757559039448 0.79372074298467309994
1642650038.299649954 -0.26834806689369011812 -0.29536604022915835532 -0.14382595850607649002 0.29089017609432976652 0.33995010237901401862 -0.34433977608938898252 0.82537685450163744694
1642650038.432983160 -0.20174489490354724497 -0.14687391074206382346 -0.13786518108722778386 0.22338317222898976255 0.37487400159462730409 -0.26201446659022703534 0.86076585700803887047
1642650038.499650002 -0.17363125461539030692 -0.06383079117675546921 -0.13157950653430972032 0.17791777485085041866 0.38509787069297807260 -0.21873959906361303829 0.87874790650182843521
1642650038.666316509 -0.12171945404393774703 0.12915256941739200469 -0.10487145756226488869 0.05663947840386955590 0.39603740555294542069 -0.09098487093950420601 0.91195838509723192722
1642650038.699649811 -0.12233494239646520996 0.16487311038793880935 -0.09602185134909492492 0.03732303270316685018 0.39309674842534614303 -0.06821214360105261332 0.91620360241193543605
1642650038.799649954 -0.12381759453399797388 0.23846973186571940317 -0.06389599939871387635 0.00254182611027825014 0.36621942808545993042 -0.02267060972424082485 0.93024884470098367917
1642650038.999650002 -0.14500793176342305357 0.22653701273634174740 0.00870710191671309787 0.01249673238406836737 0.29086478383302288853 0.01704847706972528742 0.95653063653763481522
1642650039.066316605 -0.14188973396169055063 0.17453663061810223422 0.02890536881307014319 0.01994507864193445154 0.27168604437815374597 -0.00286994514580471080 0.96217495838489741633
1642650039.099649906 -0.19991078026626926678 0.14023115336352962035 0.01176964899567971116 0.02649716857313762913 0.25961625787983594327 -0.01736912032034650111 0.96519200802813043261
1642650039.199649811 -0.23994005747550042895 0.09008214117536179899 0.01015942048539635566 0.04406272275157000623 0.24057627405318943170 -0.05048471165754310486 0.96831442554330338091
1642650039.399649858 -0.24675240016491242767 -0.08638162934517608360 0.00039608348077696108 0.08222605431555013444 0.22806097237352962459 -0.16942148906847676049 0.95526092137884310862
1642650039.632983208 -0.19834043102660769975 -0.32096636000310962977 -0.06153964046401368820 0.14213682035750441202 0.26717050959457011583 -0.28004956031736516486 0.91103747830025461063
1642650039.732983112 -0.16898558822383971667 -0.39473674615332449145 -0.10795744121716703556 0.15919348681371225940 0.28739338850001877601 -0.29151025641941530342 0.89837867539521243376
1642650039.766316652 -0.15880009205720718723 -0.41231081407348224577 -0.12160307964136009284 0.15868455921654439633 0.29503585100612916836 -0.29407970564197627450 0.89514813523621261648
1642650039.799649954 -0.15024441717721989664 -0.37875043266096586336 -0.10035790150033145618 0.15093611149274596683 0.30093781421777754392 -0.29843106647956962885 0.89308097101054750855
1642650039.932983160 -0.12848256515197550853 -0.35888986639210962437 -0.06962967391894149538 0.12848177225732063111 0.30274554994200914004 -0.27578199485601806451 0.90320643127756994328
1642650039.966316462 -0.12316556580786099107 -0.35172725592177717102 -0.06388024339110136285 0.12321169141261388569 0.29496970723778881407 -0.26256479234560686775 0.91042379183092769779
1642650040.066316605 -0.12603007671579349869 -0.29000907031358785781 -0.03222044770183499912 0.10156747060418434836 0.26919609031892205442 -0.22604603148300020377 0.93065606188476601712
1642650040.299649954 -0.17044940790925885987 -0.08141001023089103339 0.03538526343010000436 0.06186974961748221979 0.22527564173563077721 -0.08125249263824300960 0.96892778459642803224
1642650040.332983255 -0.18162749316924409193 -0.04876772180289822706 0.04000037503590928023 0.05902972893805309706 0.22347967510605548647 -0.05640388070723725139 0.97128313490822826282
1642650040.366316557 -0.19412476076741597142 -0.01544375571755077226 0.04307140487396315942 0.05575291678755581182 0.22266588193735567525 -0.03093020862648018440 0.97280770940873084740
1642650040.466316462 -0.25842517815822035887 0.03672350287327401375 0.02609545645143284548 0.05018023395170680828 0.22700795580276691976 0.04639922918619707182 0.97149186494469819131
1642650040.532983303 -0.28310185602320270259 0.07975453918852323798 0.03912422171108913271 0.04638954907008326772 0.23445312758290848265 0.07698757379481667440 0.96796314712123954216
1642650040.766316652 -0.34130845683219102060 0.16453552900087387023 0.00897467117399536329 0.04182201054279909014 0.25570123043088532899 0.15175769517743153969 0.95385397317656706040
1642650040.899649858 -0.28510491026087492195 0.16741618605966246403 0.00044280627203152623 0.02055125824446952382 0.26569273751143057671 0.12322819020278999447 0.95592877776411577795
1642650040.999650002 -0.23729598917117944445 0.15792581709929673361 -0.01036023286630871620 0.00924797157297507777 0.26994858329597393176 0.07551999906635722959 0.95986403575678336253
1642650041.132983208 -0.15649884585580609020 0.12382198667369345713 -0.03713635435901085913 0.02088698651813950327 0.26772733654980751528 -0.00864545200430551219 0.96322949665060531022
