1642516757.725901604 0.04140725702847956186 -0.20361025451191405722 -0.06178376124594964214 -0.02173440728374460840 0.34210164759196332041 -0.07105099956671900863 0.93672078748977194440
1642516757.859235048 0.02451096977532011417 -0.31696398838672146248 0.00982402862100489188 0.02785713093316700625 0.29432178066498559943 -0.15373143497612007380 0.94284957208589081912
1642516757.959234953 0.00034273743692965486 -0.39375605334194641038 0.04336466072839732094 0.06312766213730765241 0.26755925323290946638 -0.22814183066680013279 0.93401191072840550333
1642516757.992568254 -0.00842662722338594072 -0.41472851069417937531 0.04868695262907590804 0.07317705088637697919 0.26248461919513582652 -0.25355115895394148007 0.92814802359465820025
1642516758.059234858 -0.02434810012076255026 -0.45154513725765010879 0.05148889032066231858 0.08929877564777670418 0.26163363267580130866 -0.29926277238215576171 0.91324441634582032012
1642516758.292568207 -0.05509463029735026107 -0.48020352600861787584 -0.03385420062100224364 0.12475971041408881468 0.33678298686204760637 -0.37499833086426642703 0.85462768868477734241
1642516758.325901508 -0.05347930524625930937 -0.46539838554679241467 -0.04713921348992838878 0.12883088560441355308 0.35369752092231088181 -0.36985361703015534607 0.84941684029544950452
1642516758.459234953 -0.03713842033054617908 -0.37016456090567739778 -0.06955562784657275122 0.13102734362614851249 0.39998548804271200074 -0.27875878392099057157 0.86321317469348157747
1642516758.492568254 -0.02962873341585614551 -0.33537154671644092696 -0.07035854915801513509 0.12146882869155518903 0.40633775309958836131 -0.25288010101240593341 0.86958990827529447643
1642516758.592568398 -0.00660174616680986315 -0.20283971460687780231 -0.05015083934896314571 0.07978568372774284823 0.41683278286177205540 -0.15224379673344079489 0.89258417091050534786
1642516758.659235001 0.00486948088117536426 -0.10653627967488554784 -0.02499422013614439539 0.04715171758404163721 0.41360400642775307922 -0.07946885103882407597 0.90575556476919039106
1642516758.759234905 0.01480053013924012908 0.03172173474739420351 0.02352084557801843723 -0.00536159749324783500 0.39120698762067612764 -0.00640334226242711586 0.92026482238372386835
1642516758.859235048 0.03711517940319732090 0.08207463513702972779 0.07833026100630641197 -0.03736005246941877939 0.35314082737098712039 0.01517925371966712469 0.93470068619838453383
1642516758.992568254 0.03216194258664842320 0.06855127553110595962 0.14510765934346231409 -0.04524618579445151278 0.28854512231117540599 0.00267744005817477501 0.95639287239931769502
1642516759.092568159 0.02919214096453634499 0.01078241606774843486 0.18805114097898467662 -0.02681574415385421309 0.25278954471130055115 -0.04596263695463441434 0.96605682956765270841
1642516759.225901604 -0.00643607778518760776 -0.20754800948912399683 0.18906540129969678921 0.01215285612493854049 0.22101288592167023239 -0.13586351971468507704 0.96568458430033909945
1642516759.459234953 -0.09525845136265306823 -0.53534491840647779881 0.09255022132530206502 0.02572634718312065763 0.28182426995312853668 -0.24151333944378453045 0.92821578460868192639
1642516759.725901604 -0.20136667938428290392 -0.80587073752890558964 0.05379867632510838826 0.04969223137864901829 0.33783286803391693320 -0.42524592396876664813 0.83819182742647813100
1642516759.792568207 -0.22194932259719823975 -0.84897342240178308437 0.07832895461605919596 0.05021802379298159064 0.31694849199771729653 -0.46673982794438384492 0.82412119043084164360
1642516759.825901508 -0.24099752748922226298 -0.86535528372772896333 0.09106913193858322264 0.04800326127505299273 0.30153873958533083943 -0.48367578719782772234 0.82026081724949573282
1642516759.859235048 -0.11787982049564413312 -0.73259596505724711157 0.03935997503737552472 0.03814511380517939670 0.28559188126412188291 -0.49826885995593600542 0.81774713135970178435
1642516759.925901651 -0.11922414604214820466 -0.72304498810253658991 0.04939739208542125865 0.03147661316214678956 0.25658959602781283849 -0.50651922939647919808 0.82256262514517475282
1642516759.959234953 -0.11278633669188267707 -0.71185574893682979081 0.05448753688201551926 0.02764062992097104238 0.24271134529651963718 -0.50151885183852340511 0.82994339547495332710
1642516759.992568254 -0.11736859091279996936 -0.69883885818994895267 0.05810500714809924139 0.02588189188568412388 0.22772672488770767663 -0.49036109392349835900 0.84084282955287548145
1642516760.025901556 -0.12583620368680983881 -0.68031613327051521090 0.05891402127870427885 0.02333242149155401873 0.21315800387964128904 -0.47444874295502287298 0.85376674437330124512
1642516760.125901699 -0.09525559201770766871 -0.62071715409498362526 0.06176769214686309017 0.02629226492730545386 0.20246233271613897631 -0.41239450533871119253 0.88783359510809878312
1642516760.225901604 -0.05588652897571436129 -0.54722805485990622110 0.03214874512850718347 0.03211331875631268790 0.23031618474644866001 -0.33603385246110045737 0.91269076899158263494
1642516760.292568207 -0.02716853205409192062 -0.48984690116691365080 -0.00251273075942204729 0.03325090123279667020 0.26479658647337944721 -0.28577462128896319316 0.92038579475478787817
1642516760.492568254 0.01765904572190166166 -0.27632533918243612492 -0.10797826911649255344 0.00642034950494186057 0.36463318585637316538 -0.14381399624614291111 0.91995595186301193369
1642516760.592568159 0.01499676448373837845 -0.16790620224557462059 -0.11526516280379466017 -0.00615082233470322804 0.37486328463894991181 -0.07546237938167399406 0.92398328692263742568
1642516760.625901699 0.00910086391547956786 -0.13201046375588953996 -0.11197289780719554830 -0.00931498477824010615 0.36948377888867972585 -0.04853199509550587543 0.92792220236869649153
1642516760.692568302 0.00423208933485452743 -0.06664492669680366355 -0.09233491071695879016 -0.01750819942238463281 0.35318851688503338782 -0.00513647194515716703 0.93537423053529389350
1642516760.825901508 0.01957717129929242850 -0.00257053494937331539 -0.01501669375351503966 -0.02755394019406996048 0.30443029003921462383 0.04229769120002488392 0.95119602827470250972
1642516760.892568350 0.01835203723285039334 0.00523466305343600613 0.02018661228850060496 -0.02779353008058528182 0.27396357736609916467 0.04314134537610670589 0.96036987784997118744
1642516761.025901556 0.02464090555141081051 -0.03177544915716579155 0.07001307833401240743 -0.01199644761081295266 0.23053443235175266612 0.01344486950571000157 0.97289732049633614874
1642516761.092568159 -0.00800977927743641571 -0.14308202847331930041 0.06624633777673495649 0.01362222434364486305 0.22432928162330786903 -0.01509373881496542218 0.97430128166747664853
1642516761.159235001 -0.00877490064412558834 -0.20506065087786318202 0.05457857887963884352 0.02683214510825456325 0.22678662973682015003 -0.04903576093142564263 0.97233911507836612298
1642516761.359234810 -0.02011831050941157578 -0.41724521253232388363 -0.05812719540653974587 0.03502716117022206671 0.29844474668037151988 -0.15904249259733430066 0.94043038908133491649
1642516761.492568254 -0.05758219582219890886 -0.58315634318038278572 -0.13569430287088382614 0.04822300568324837389 0.35427878171238924576 -0.27040677027339593552 0.89389108125183214248
1642516761.559234858 -0.08240522894117173480 -0.66355711565492991877 -0.15309250724680895095 0.06691939650458157696 0.36622533359201264735 -0.32504583483428539648 0.86933653130635435424
1642516761.759234905 -0.14538480439578027603 -0.82790401656614609482 -0.12073672797525904221 0.09286467801332434768 0.31868460158581812802 -0.43360863590452836114 0.83773493848507007975
1642516761.825901508 -0.15511596322898826839 -0.85455322378500631064 -0.09528572834474829945 0.09686168754358379096 0.29515002186101563231 -0.44306549664641492470 0.84095020290330912971
1642516761.892568350 -0.15845357841015614286 -0.86422841828930785368 -0.07026910962895034640 0.09735503289188332521 0.26627761602424004916 -0.43380575541396876327 0.85523727429572637959
1642516761.959234953 -0.07570574731473596330 -0.70802211558193295371 -0.03176444622614724156 0.07607759213263158571 0.23444065722559731535 -0.41285737749022283216 0.87681158983377183169
1642516762.059234858 -0.05350849661746771846 -0.64674485829594585695 -0.01762284420609530611 0.06702903448815124288 0.21312504818201249979 -0.36383581952920418523 0.90427225922313536621
1642516762.325901508 0.05305689116365713831 -0.40336956989247507721 -0.11902520261437482541 0.05495316581966027542 0.32207534708882079588 -0.17637027507766189771 0.92851556068438745317
1642516762.359234810 0.06659554155317198854 -0.36390453889573171065 -0.13212463126329412888 0.05045897651617409913 0.34066476818313312647 -0.14957849281246368700 0.92683746250117893251
1642516762.459234953 0.10594875225084882109 -0.23860084703293993336 -0.16025457961194194967 0.03057986349332265930 0.37951418400020187072 -0.06802415844461803807 0.92217491288762143409
1642516762.525901556 0.13015834751990773555 -0.15762156794164033924 -0.15550517389878970587 0.01550961950467963368 0.38122055656092362907 -0.02303481238318446159 0.92406695448796949410
1642516762.559234858 0.14199840331297094997 -0.12165955378537351983 -0.14632955775645317686 0.01176865898369217761 0.37781666012886866435 0.00103992673742309616 0.92580504888835712940
1642516762.692568302 0.20109193083254997547 -0.01382810208015894382 -0.08095250433314050975 0.00226365642074069159 0.35092120863865527980 0.06995029003581730576 0.93378591663780152743
1642516762.759234905 0.21368253198523601277 0.01407933701164088003 -0.04777584207361195573 0.00164816774291989690 0.32489098042276159939 0.07044212569411639757 0.94312302554371041374
1642516762.859234810 0.25426715454489873247 0.02610091042890871904 -0.01002081305501992259 0.02906874923869036745 0.31186959475135783704 0.09415032893065315711 0.94500162923117314584
1642516762.992568254 0.21297283397521937776 -0.09323443776446804776 -0.04515749989924459917 0.07107734253477046571 0.31495481972691558026 0.06658633370445408983 0.94409625201712354947
1642516763.059234858 0.23527111427682281808 -0.12358580204367319855 -0.07379091519294087020 0.08261626681705211417 0.33150730902351693841 0.04912957886264974344 0.93854341455362566560
1642516763.159235001 0.27423483775020596198 -0.17923640917466182598 -0.13217404111426447888 0.08163981469365483301 0.37777058932027979266 0.00918277415664081782 0.92224725489435988024
1642516763.259234905 0.30469328575496901212 -0.23617811423085838252 -0.19429823423343298150 0.05201375532488866638 0.41735172115326585329 -0.05871665769646911698 0.90535322621414726640
1642516763.359234810 0.32600340001137956270 -0.30816332596642209696 -0.24447060742502130237 0.03877140286977238254 0.45186329743465514230 -0.11596271499480351186 0.88366791696995772298
1642516763.459234953 0.34418458445052829697 -0.38277249127094170600 -0.27027741614783273860 0.03630208630254994073 0.47466155894863382159 -0.19424991317749090713 0.85769781054697347145
1642516763.592568159 0.34792107840056685220 -0.47901631096954888633 -0.26977617022627781163 0.06436530682447845486 0.46226613197943544620 -0.28526045963365193048 0.83713415930289192257
1642516763.659235001 0.35317874917943947732 -0.50594650652141204272 -0.25558307791725376479 0.08022259757935727709 0.44522148589486776338 -0.31496300375080477085 0.83435032786201812627
1642516763.792568207 0.38527157379666643333 -0.49509593978397148373 -0.20276477320912186797 0.10302960087810635048 0.40455327093505122349 -0.33672648854954079223 0.84400048828643758903
1642516763.892568111 0.38998256956309684806 -0.44489395885808824538 -0.14183033285182566896 0.10052538312987691071 0.36412567848965810002 -0.31786573004883744709 0.86963700201380411681
1642516763.992568254 0.41692511572231660821 -0.38227397044188843322 -0.10284202909328672704 0.09065402547374631914 0.32542836122141793886 -0.28813880943723796380 0.89602134788979148627
1642516764.092568159 0.44248890778014915437 -0.31191980018651865869 -0.10563977880309724511 0.08967318121205768156 0.32227110097984223991 -0.24100608043895421773 0.91105220884206306042
1642516764.192568302 0.47245543694816760638 -0.22871387569775306070 -0.14465423268440813498 0.08091155036511853138 0.35053874853862010408 -0.19692729005272860410 0.91202826119752422596
1642516764.259234905 0.49369858428641827386 -0.16697709885441952560 -0.17993287643257155350 0.07389530080088695108 0.38152580896649340714 -0.16640055904499903572 0.90624963203386788013
1642516764.392568111 0.53338705339271186290 -0.03135511904865068145 -0.24314503432461895271 0.05358937404701048790 0.44392226548071922476 -0.08538369518394950397 0.89037678866671376987
1642516764.559234858 0.56207690012564193172 0.11227599647176156328 -0.22244079081462109215 0.01629161821365825158 0.43967967469201074682 0.01183374652241019065 0.89792891104026228977
1642516764.592568159 0.56191833507141897286 0.13164093020562772640 -0.20121244869065815775 0.00881707256262605904 0.42569356222043785998 0.02739169766743638004 0.90440972198135693993
1642516764.859234810 0.59887316332510653893 0.14026383939641356990 -0.06809509951766010150 -0.00032368500393968494 0.30351494443228804743 0.02738800380548184893 0.95243292203799534423
1642516764.892568111 0.60896318869140309005 0.12356445950099426145 -0.06453049326610837966 0.00419981266375539855 0.29589264477988203028 0.01858183979124710880 0.95503121392377976484
1642516764.925901651 0.61526515700753736660 0.10025293086869824233 -0.06764921623059036437 0.00943608466828258635 0.29142478102440483312 0.00830451482036330228 0.95651115641408446244
1642516764.959234953 0.59842736331606727340 0.05164818545395805094 -0.09303962602578870478 0.01784303297243175143 0.28999472159074562994 -0.00273073275986215674 0.95685799924672454431
1642516765.125901461 0.64313350046545192384 -0.07057410133731215063 -0.17953754795861909255 0.03333931548050542842 0.36059774320360882260 -0.06753228359891151611 0.92967582969101203449
1642516765.159235001 0.65190779250516095455 -0.09863803148928647346 -0.20230589701718734719 0.03046159414315764355 0.37885269918860353666 -0.08529633289424827514 0.92101425569562200835
1642516765.259234905 0.66408996979702517027 -0.18919054444026076056 -0.26702739854388624074 0.02204080077691400116 0.42823174273112579735 -0.14733473055717663525 0.89130480464890315950
1642516765.392568111 0.65664308532102688698 -0.32968097800800610919 -0.30700499588247620597 0.03490903666373730563 0.45598211479675937463 -0.24298813742195493615 0.85546387136856572031
1642516765.459234953 0.64652631606905996975 -0.39182711732322789144 -0.30019540422402135604 0.04834068216543475210 0.44111267239453400002 -0.29928878581505263812 0.84469462611412682307
1642516765.559234858 0.62289302873877905320 -0.45539884109961625835 -0.26305250808780344940 0.06832948793834812962 0.38157235725794785841 -0.35363745113695282951 0.85127796306967529194
1642516765.825901508 0.61805145862752075558 -0.45084936766469108083 -0.17355650611210265977 0.06914761079212172756 0.25677309675934417710 -0.32233540040206487554 0.90850760830606047680
1642516765.892568111 0.63370748183133951414 -0.41781038945643600435 -0.18167237272601166609 0.06665963941169669726 0.26211685489955105499 -0.28625995204630838575 0.91918794960852023834
1642516765.925901651 0.64284844561636200755 -0.39798400936035149833 -0.18956479033871331819 0.06738611965926359637 0.27574229790389176431 -0.26323730879485707224 0.92202571291824064748
1642516766.025901556 0.67610106712331363710 -0.32344303279856079225 -0.23699521402778933599 0.06927136341278961051 0.34593445480857537566 -0.18216697360690595198 0.91779410812781303530
1642516766.092568159 0.69593574591208007263 -0.26684337084442588672 -0.26767216525485437728 0.05920145249636717122 0.39357661431542051433 -0.12409797267281465205 0.90895122523974214435
1642516766.159234762 0.70251285466939572544 -0.19966255248235703634 -0.28491775921002776562 0.03939376748135631212 0.41792717770494319796 -0.06772486144192826907 0.90509576750854225935
1642516766.259234905 0.68881249418270928953 -0.10535575505716632261 -0.27675881435855237411 0.00981699984792600532 0.40438450174872919707 0.02328660519230981579 0.91423986747353969129
1642516766.392568111 0.66204084028925347383 -0.02843042962834385623 -0.21292961259721446265 -0.00262429957936576334 0.33211783422200724658 0.11667048833739292191 0.93599084097789930770
1642516766.492568254 0.64508301546724933218 -0.01899513766245763957 -0.15330561900888869942 0.00454871890557551669 0.26742570830418904704 0.13206277790981557629 0.95447484114829528323
1642516766.592568159 0.64184979175773460014 -0.05743637588287098250 -0.10549554642855249464 0.01912050895731051692 0.22736436835703369153 0.08537701461046975915 0.96987144277735293230
1642516766.659234762 0.62258099819445522627 -0.12344438614561936696 -0.09512730683781013552 0.04112384893800222208 0.21895305477342519307 0.03264390741703833421 0.97432169439177418457
1642516766.759234905 0.59267025754066238186 -0.18560536146406367286 -0.10879948941349515401 0.09576911938442854433 0.22507669773167088278 -0.02366070684361434515 0.96933426993075910705
1642516766.959234953 0.54700588408179506850 -0.25753501958339375388 -0.22330359640268551691 0.21011605228837876291 0.28102209769516900417 -0.18536463581247988874 0.91788767121465408838
1642516767.125901461 0.46326334616731046356 -0.45081856077875770428 -0.34027795649482150964 0.30873478510362700744 0.33693556371307586961 -0.32681455696089478646 0.82725419535401767401
1642516767.159234762 0.44037968904291080463 -0.48486110242772351153 -0.35820867748458457003 0.31529180104569448639 0.34016985023266110844 -0.35912067050342916241 0.80988140934535512994
1642516767.192568302 0.41703884377145866713 -0.51702177192144516127 -0.37197150638347886709 0.31728611114652194303 0.34138286760520741847 -0.38906064963072017893 0.79461882200718381153
1642516767.259234905 0.41535763473496140064 -0.59582879795085419428 -0.34778284226875255669 0.31886771355368337399 0.34175738015056328356 -0.44187282700615754250 0.76568510441254888921
1642516767.359234810 0.37162963573940688278 -0.67120289245949726897 -0.32931841172696096898 0.31063814308090464955 0.30918555248414025804 -0.50760884608693412900 0.74178264847097619139
1642516767.492568254 0.32785273194849956502 -0.70121119283835475766 -0.27666416292390433318 0.27010848374561746699 0.22167806435920803243 -0.55354564337640710381 0.75596789845177814193
1642516767.559234858 0.33730309004927627736 -0.69844699377155050612 -0.25220165714557779557 0.23128772997838800696 0.19209172402371413324 -0.54878451049310572607 0.78002712553210862279
1642516767.725901604 0.41608288690129408005 -0.64508328683176474616 -0.21797481131778917440 0.08126496357709921126 0.20758647514719846816 -0.48948343633388624596 0.84303607668091207206
1642516767.825901508 0.48852541245145353344 -0.58953656617178717969 -0.23097517040675794031 -0.00509215304177862774 0.25687540724004997994 -0.42760661584632769783 0.86668430077918723331
1642516767.925901413 0.56477466557348188214 -0.51507609872361470593 -0.27359747986049193225 -0.09109887830347612736 0.30748238948805828308 -0.37204155364121144212 0.87105720643985029561
1642516767.959234953 0.47270328148695089920 -0.49155278007531227891 -0.30979080240909662169 -0.11758745416395469108 0.31565930835020533651 -0.35613766600027085829 0.87160676599656417007
1642516768.059234858 0.51301714671470655116 -0.37936559472067415966 -0.37738556049664645498 -0.17385261315140862481 0.36872539425327138796 -0.28051180981375112289 0.86898215004003964701
1642516768.225901604 0.58560156480414726765 -0.19395265295425778707 -0.47419744701122157338 -0.16257908130615358888 0.44997264412781962095 -0.14139909230068509194 0.86665965554813273464
1642516768.325901508 0.61747250542671128226 -0.07277987995917456487 -0.47898190491493553012 -0.11262453851907161528 0.47059901150164740180 -0.05348141057159113559 0.87349414561307248128
1642516768.359234810 0.62783297162533613367 -0.03324682903866593708 -0.47010415916644582301 -0.09050196358568664279 0.47213168570246283329 -0.02606677886503539279 0.87648250922792936279
1642516768.459234953 0.65338872373746981204 0.06811507549780237980 -0.41409765884508725753 -0.01983576481618487888 0.45479024237330595293 0.04777277115558787451 0.88909512438900617504
1642516768.592568159 0.68571630842186881427 0.10600276397951169383 -0.30103433423088787890 0.07894848133604406848 0.40481079487424831420 0.09007237835163656170 0.90652210359488261116
1642516768.759234905 0.68385525786116785341 0.05755356129049948866 -0.22546729799132605998 0.18458412520995395867 0.31974833783806672072 0.05665458202896598433 0.92762059027675358713
1642516768.892568111 0.68217591364125240716 -0.02156264191154477761 -0.24649889491175988598 0.23160686400873736757 0.33184712529037624362 -0.04981209546481802503 0.91310158313626610393
1642516768.992568254 0.68976735922192788930 -0.07962615337131923043 -0.29610137774772093966 0.21875754726444990306 0.38350551128509241527 -0.12663893271302611998 0.88827430394563788862
1642516769.025901556 0.69252192364677545022 -0.10182028278970706170 -0.31825682755239481647 0.20947656186807661616 0.40570758062005679578 -0.14555632305406998594 0.87768689512509479034
1642516769.092568159 0.69166837096542665986 -0.13393423817397923092 -0.37141855337200391229 0.18558575319783035540 0.45406206378362751197 -0.17997136115465087181 0.85264053364046044070
1642516769.292568207 0.63029360259484779050 -0.32990020454606022726 -0.50134127561045871424 0.13989387970630501323 0.55266506832396455895 -0.30884969359491415419 0.76131655140389076220
1642516769.559234858 0.44735845356587078392 -0.65105616202955662875 -0.48755388934764326558 0.20349021868687716674 0.50997313189221316065 -0.49646540364123448175 0.67234012124382458442
1642516769.625901461 0.41516150584059902107 -0.71309854497008262619 -0.46098066362180645239 0.20616200466419529191 0.48432827730414929057 -0.53376342165903312154 0.66183076185326772389
1642516769.692568064 0.39087424486545047086 -0.75492025065466428213 -0.42969931966525376499 0.19436242741179896032 0.45611638035826523874 -0.55907530395695648195 0.66454187143091636436
1642516769.725901604 0.41187860977656420847 -0.80904610037416646584 -0.41154533284751226851 0.18291161485064155734 0.44358535824988876151 -0.57535858673738149438 0.66237290687845296056
1642516769.759234905 0.41042449343815873286 -0.80495734859810130768 -0.39805272842319672222 0.16876080130155909909 0.42655717294459033484 -0.59059296652940485028 0.66390414823193555360
1642516769.792568207 0.41918468322197049991 -0.78303443814096351794 -0.39108486758592142518 0.15489259026345494896 0.40739566045486602652 -0.59989578529897003012 0.67094121061725875421
1642516769.892568111 0.41629442810073380432 -0.77706570874951674810 -0.36030918969067121660 0.13953442747344821373 0.35368029604340811556 -0.60311500890777336448 0.70120801319614201041
1642516769.959234953 0.42884152129250230345 -0.73350382723941243146 -0.38161160429859303234 0.14931231617379364662 0.33808009531827193372 -0.58680266654661139558 0.72046534401190454044
1642516770.092568159 0.44347949530848596034 -0.69936400222540706650 -0.41950354657024269134 0.20661477154862009642 0.37353774895988017812 -0.48857641620218195122 0.76096844337392155477
1642516770.225901604 0.43497036815517992059 -0.67480711933643966471 -0.46543282388451645559 0.22960824163367901662 0.40549637853729830761 -0.45541193993450018729 0.75858599204844368025
1642516770.259234905 0.41836967384179585272 -0.68021949333240849800 -0.46589014164022030107 0.23715086696227641316 0.40665743172707430331 -0.45589682311767004697 0.75534580570186293791
1642516770.359234810 0.36199077903809545598 -0.72643927851742362556 -0.45906346462179331569 0.25292748559836403244 0.39528018353719035494 -0.48047899608354271983 0.74089216344502217826
1642516770.592568159 0.28772938145482684913 -0.82267397223345561930 -0.35731807437779405934 0.23915894837109827331 0.29860969731404191085 -0.55272422309975655086 0.74035881792737312512
1642516770.692568064 0.28691392472341170627 -0.82094218650443551155 -0.30578295089263113349 0.20131490492121506541 0.25120971471883313253 -0.55055749820240307280 0.77022881630107531414
1642516770.725901604 0.28915916758901094585 -0.81505866931341319770 -0.29116969926605851260 0.18715095942409334939 0.23539623391988256929 -0.54088779986120549825 0.78549571571351151089
1642516770.792568207 0.30639910419636917638 -0.78666574543720035884 -0.27281154012174585466 0.15830350342292864863 0.21169446742740247180 -0.51110572888174909956 0.81786086051901962790
1642516770.859234810 0.32872586301324879798 -0.70262230742616271773 -0.29115979912134004604 0.13603570074055765238 0.20711145763028421252 -0.47696463581031167678 0.84326974831818868328
1642516770.959234715 0.36206536431201835624 -0.65636989530407041649 -0.32244003946349142353 0.13419407720090292813 0.24158387318436866376 -0.42468495962761898532 0.86213216326009123325
1642516771.225901604 0.46116181537568184945 -0.46403840433815624067 -0.48923009195600597465 0.09894911259644313672 0.42925402834028364429 -0.23862273455819399404 0.86545320082716503673
1642516771.259234905 0.47097915466097761694 -0.42983104032633329128 -0.50507491055245312683 0.08725134992480773621 0.44700837772139734305 -0.21350739888036146530 0.86428311496090537425
1642516771.325901508 0.48722803924309970869 -0.35395741121900409221 -0.52758055362917033460 0.05688791085220048366 0.47187057596151227301 -0.16676239162280898087 0.86388206942896073048
1642516771.359234810 0.50717915238234934083 -0.30685068430111350768 -0.53240289299963383662 0.04107572358279820007 0.48088244224381371250 -0.14073660177598243393 0.86444090057928379967
1642516771.459234715 0.52479862505218244362 -0.18333278648880479977 -0.52014614840261730322 0.00364016383077965132 0.48017956208072337665 -0.04947393145350809790 0.87576633154842353779
1642516771.559234858 0.55849687759873734016 -0.06130702563191692267 -0.47552039496716913547 -0.02620608504035150388 0.44820216128991224869 0.04186844563738426062 0.89256657845889497693
1642516771.692568064 0.57696521131788736092 0.03483536873687709257 -0.39348488010758952971 -0.04490341261246606763 0.37473630371176819276 0.12451817972595494166 0.91763370095802976323
1642516771.792568207 0.58108480238640081161 0.05672632541859068400 -0.35663309851107638515 -0.05552204318967681601 0.30839623453817249787 0.13424959818477028017 0.94009898980370565358
1642516771.859234810 0.58927777753488341794 0.05052099319219216511 -0.35390897064451226628 -0.05806776515635938413 0.28916842699221290136 0.12758753934190214530 0.94695890897402390518
1642516771.992568254 0.61312843062191779708 -0.00382028227367275930 -0.40983115557967630949 -0.06927951643968606465 0.33900762815447643694 0.10539131589375998199 0.93229118154637780069
1642516772.059234858 0.57500689915003655450 -0.04008262200885076565 -0.46641475576528890201 -0.07796213744305371951 0.38243591588206360399 0.06692177165629703550 0.91825168219129327252
1642516772.225901365 0.58167164785165992313 -0.23130823791444149462 -0.57797480475834661640 -0.07496624197649984223 0.48170459696652390136 -0.05186434220867215672 0.87157950517006843594
1642516772.259234905 0.57777965261986619083 -0.28008379573432162779 -0.58977049195082342781 -0.06394481231639673191 0.49297861840399209710 -0.08149272476180427494 0.86385304223878767171
1642516772.359234810 0.55407233850600368097 -0.43300150547795729361 -0.59846047562736492953 -0.01848876825012752204 0.49911488934486031299 -0.17990802763167010325 0.84745241416644934151
1642516772.659234762 0.47382832107588535031 -0.76646714424134310129 -0.49396096173504072668 0.10221130433756238365 0.36715882903006569205 -0.42707650909756877944 0.81997127931892799246
1642516772.692568064 0.47172726644070339663 -0.78033510387662685659 -0.48310371486768283189 0.10511486828197336152 0.35239381196205138425 -0.42810093177172653389 0.82552956214365658116
1642516772.725901365 0.47144302353911105019 -0.78781802165779890590 -0.47391587628643810914 0.10481784018601382480 0.33682008051391126857 -0.42760530120365963791 0.83229751899418102923
1642516772.759234905 0.44562712904031237526 -0.63705721008890892065 -0.44745617821402744463 0.09582807516014255067 0.31673839407394210888 -0.42308898076321543869 0.84349836045324100287
1642516772.859234810 0.45790518987587075506 -0.59529814778381839879 -0.43480793688867086511 0.08741624803240496955 0.29064050990638717886 -0.38658435268260704643 0.87088405189339757051
1642516772.992568254 0.50862481952890692405 -0.49064439177325175345 -0.44055282030694087325 0.07615215111797522807 0.29654570248894507323 -0.27342862508376830633 0.91186527689140750574
1642516773.092568159 0.54681529582075083518 -0.37327653809783178929 -0.44688988540870588917 0.05878078477891075099 0.31039769810082151746 -0.17209202219879299323 0.93305006524302691595
1642516773.159234762 0.56542132914575637948 -0.28220693797868839914 -0.45015162918870876840 0.04539386217870122059 0.31694748676557937817 -0.09012789067290662148 0.94305919815902150560
1642516773.259234905 0.57625590500788870241 -0.14531774081987997027 -0.44822778581845551527 0.02375685537189348856 0.32060737241934700315 0.02113423086650541988 0.94667833441929072347
1642516773.392568111 0.57052452776422890590 -0.00345487979325564964 -0.44203098472807783592 -0.00082225619021299428 0.31796156221272503517 0.11569681233544594490 0.94101754312309060513
1642516773.492568016 0.56457939503196630238 0.04547492794025576046 -0.44326488421182058675 -0.00903436085036223371 0.31396235730016602838 0.14048283429959723678 0.93894120784514523148
1642516773.559234858 0.56243950053670976885 0.04403488876592887014 -0.44420662001381439055 -0.01238914941251516473 0.31084190801193034570 0.13379874872735689206 0.94091535859466690628
1642516773.692568064 0.53852945298829901777 -0.10385632237773345654 -0.43019807780645624717 -0.00272992386045210539 0.30889622015171802616 0.05131525766446397990 0.94970648993387807302
1642516773.759234905 0.53680455432709128782 -0.16369645626977441522 -0.43894760897728785087 0.00781169017996051051 0.31310582743721154797 -0.00290111577118135457 0.94968168448626699707
1642516773.892568111 0.52161486432431725113 -0.31587647721794642752 -0.45656531101312136656 0.03783926839060074154 0.31871106747645588930 -0.14291570620948212955 0.93625132638321373335
1642516773.959234715 0.50748658847326910681 -0.40097719005552912019 -0.46470008592944228587 0.05243036711009856771 0.32158013735273155431 -0.21468555336756456331 0.92073198328295369208
1642516774.125901461 0.44593996205438646285 -0.61314792087333080950 -0.47534664074921911814 0.10016942628718773778 0.31956864369214332822 -0.35693682392266790071 0.87203100388349619188
1642516774.225901365 0.39442022640580870485 -0.71852187981321802290 -0.47839388862269621727 0.13916609388409947878 0.30791233503813392192 -0.43279965300791534144 0.83576746323402306693
1642516774.292568207 0.35767421821016526229 -0.77134460879348842877 -0.48335554295713434314 0.16961953835488607911 0.29892346714824230558 -0.45725015578664801597 0.82024159125798734582
1642516774.592568159 0.31887747388403969717 -0.83153991052698517095 -0.54253310760255957224 0.24623373195123512969 0.32609601474117849707 -0.45167301881057120294 0.79310896004132602766
1642516774.692568064 0.35175570497822961080 -0.76977285348515933627 -0.55304689160770248435 0.23552513160681518012 0.35324748640456432591 -0.38322677790858772351 0.82029346116146240053
1642516774.759234905 0.38027335518739924236 -0.72706547460403925243 -0.55577117144042798014 0.21096913581327048082 0.37090954484436466920 -0.32496380268177110784 0.84398854270905310226
1642516774.892568111 0.44398586038151371946 -0.62019887244498328460 -0.53760540655182675884 0.11817288375087842134 0.37798534736248390331 -0.19478297849912909467 0.89734153922142245730
1642516774.925901413 0.45272455146475926169 -0.58606988211152288848 -0.53028711411279916277 0.08951129593852542865 0.37397220729375124648 -0.16277885400907959879 0.90864490355624405460
1642516774.959234715 0.46295418868193188855 -0.55528487892076050514 -0.52199862790042428351 0.06057303131339873692 0.36819284963888354589 -0.13176387630511013360 0.91836986789275498744
1642516774.992568016 0.48039603027132909974 -0.42063940213853223682 -0.50580194277030177119 0.02332404109943994608 0.36061368121513776019 -0.09978167178702068707 0.92706924229134357596
1642516775.025901556 0.48859891162122287556 -0.38572374715159157832 -0.49731571745815905672 -0.00682824601630139822 0.35275538017098234667 -0.07149149772244617340 0.93295550942698657337
1642516775.259234667 0.51904313870098439665 -0.18588997366692661117 -0.46343979643385013745 -0.23601358218570328562 0.29086582403835337107 0.07205373144070145730 0.92439327194427012291
1642516775.359234810 0.51109638964039527664 -0.15756613262613494708 -0.47507276772644763119 -0.31962085440099469169 0.26956851215092059171 0.09734925757945123159 0.90316025639830210814
1642516775.392568111 0.50808211176375228657 -0.15792381677016165131 -0.48300754017437863563 -0.34136270439587473868 0.26753389574872865619 0.09892928129885933397 0.89560600487867103592
1642516775.525901556 0.49185780344258284158 -0.21916285140527153041 -0.53499925876763287924 -0.39939235108529302920 0.28523455829826921404 0.07980860137863031445 0.86761603477168414145
1642516775.759234667 0.47650567792901854514 -0.45244594086521072729 -0.59174172175193529011 -0.40093777142219272358 0.36707976693020061276 -0.04246335738562717621 0.83827096540260515045
1642516775.792568207 0.46994126876730757392 -0.49952723128813952824 -0.59312755164387009899 -0.38693769953615247958 0.37685642293915955214 -0.07082690028985744179 0.83859525598616524444
1642516775.825901508 0.46005880059697318307 -0.54975136929643475536 -0.59307609811400763267 -0.36722880822885595187 0.38519423769964739046 -0.10339092957839539355 0.84028490247696174809
1642516775.859234810 0.46117730345872387510 -0.59605511475934180865 -0.58694779720330481076 -0.34211861025581258300 0.39312804631168341007 -0.13695411553216721434 0.84240653247621022359
1642516776.059234858 0.38531293991120185716 -0.89194553107794205538 -0.52024797518268117713 -0.03339643490006469900 0.36301091677636454502 -0.34310905411557596212 0.86566964219675845982
1642516776.092568159 0.36740058569459871363 -0.93260988683588219583 -0.51045582196752137261 0.03540571843562651672 0.34435183668787949784 -0.36352648882030680344 0.86487960988667111906
1642516776.159234762 0.32997614354665338876 -0.99815889715914551950 -0.49950887282143902057 0.16554496466086524031 0.29875324395575547642 -0.38514878617157616292 0.85732244599794960038
1642516776.359234810 0.26869117068695769213 -1.06418464472935947462 -0.53048598748331321495 0.48001187323785177163 0.15050945567881490739 -0.35026125512210160018 0.79009655008881374272
1642516776.425901413 0.26448299325548463301 -1.05003659214013911338 -0.55412853300698361458 0.54468241636923664384 0.12700426226037453414 -0.33041846884901843184 0.76027272613802077128
1642516776.459234715 0.27274781274923476371 -1.02485143697935776608 -0.56457867390266058827 0.56029100175081869573 0.13028054234260702526 -0.32398047989030737126 0.75109095474118603430
1642516776.559234858 0.29001266974456829661 -0.95234920747718487810 -0.59530271389034550289 0.57719947155591699861 0.18988090948525768176 -0.29980952428217300110 0.73545921667915681308
1642516776.792568207 0.42900148338913857149 -0.70642275072338889252 -0.59721339365661141318 0.45638757146321529135 0.33500320809817768497 -0.15155412796489711735 0.81025587407598420597
1642516776.825901508 0.44290335886939324883 -0.66962256360186733772 -0.58909204629543843179 0.42407305851228532800 0.34231779556907399042 -0.12892626227239364911 0.82846761359586984508
1642516776.892568111 0.47077502960452538572 -0.59288341770737518210 -0.57016781502493629752 0.35582966149444555937 0.34612410122002346125 -0.08683342449198075408 0.86373798975521198784
1642516777.025901318 0.54242907936973150385 -0.50474830422787531070 -0.51132318331466208861 0.20552185934302255599 0.31849926893177005205 -0.02709954265703383783 0.92497815963940166473
1642516777.059234858 0.55087871737883553624 -0.48032713136268634369 -0.49773888841453439724 0.16021059266377768449 0.30621996684281183043 -0.01470995208396017398 0.93826729411974918449
1642516777.259234667 0.57164832052913039373 -0.39192533685218977624 -0.44195877654544774016 -0.13592366405142139452 0.22854521252146645094 0.05688129470467522680 0.96231822267744360211
1642516777.292568207 0.57300972675578842885 -0.38705100145232074205 -0.43889267704005957560 -0.17851043952947570626 0.21824442388219783551 0.06434748414762112012 0.95726840316976546941
1642516777.459234715 0.56703738614416376862 -0.43815598492152152410 -0.43555377898765806899 -0.31619670474563493778 0.19612652619943690691 0.06269634258287931639 0.92607947728889528083
1642516777.525901318 0.54274481355514014869 -0.49165417082079387878 -0.44836450460057120093 -0.34282663189251427749 0.20045989629518906616 0.05139363623596928526 0.91632113617279475903
1642516777.559234858 0.53910462200689668322 -0.52047772277851911404 -0.45317331876755906350 -0.34956744714665433094 0.20268416348151974127 0.03517791782125194444 0.91404827217545181473
1642516777.692568064 0.50588101208941338438 -0.69029611678431113120 -0.45431822835912089031 -0.31119330615383350436 0.23284632453612366665 -0.07253270045726327442 0.91852072525307870698
1642516777.759234667 0.49146658967087814007 -0.78526627475654398047 -0.45823721962769753402 -0.26654523550096842488 0.24774244818196561324 -0.12476846126718896257 0.92304395771466773990
1642516777.925901413 0.42992778697414502087 -1.00876463272217264944 -0.45816969188434736315 -0.12394496388674969278 0.26095406933271098060 -0.27953032161230229047 0.91564371833433866321
1642516777.959234715 0.41550133783309428637 -1.04855813249772045204 -0.45744080615883819796 -0.09371221809720405027 0.26060687320908398901 -0.31448877860200691314 0.90796414353701460076
1642516778.125901461 0.34464101443056249785 -1.21051558194601271978 -0.46962129211624648040 0.07609193659288772393 0.25738174961041304645 -0.48821121668250078152 0.83043028609174585064
1642516778.159234762 0.34078267509004533942 -1.21163664801002268767 -0.48191318857567838618 0.10897433888618913989 0.25569374943142952894 -0.51102615181554922330 0.81338648386029055448
1642516778.259234667 0.32259195743312807370 -1.23743073024882033195 -0.52022767737405239963 0.20454075853412251318 0.25146162814876904523 -0.54605798905863722759 0.77249647264715293193
1642516778.359234810 0.31816880259924368302 -1.20367106559415670830 -0.53042868505573714799 0.26466400811119722425 0.25751356027703514728 -0.55430481511901930070 0.74591279719537706416
1642516778.492568016 0.36419299429300949766 -1.15046693456730597660 -0.55970990624052063822 0.28000712470117622432 0.28794498645465743669 -0.50171642832139407009 0.76613596733519206960
1642516778.559234858 0.41949248172352576747 -1.10805669611252710638 -0.56374520455190735291 0.25281802208346254579 0.31131809078549504965 -0.45110913132635327427 0.79728579925486131597
1642516778.825901508 0.61271681274755462887 -0.78670475971125208847 -0.51404313310298921369 0.06343244939968510632 0.32719188969127344091 -0.19446432046935160920 0.92255374897498687581
1642516778.859234810 0.62806968043148925229 -0.74444702920378702515 -0.50651145436389810595 0.04903578101591590799 0.32235522603207605874 -0.16132521684926015570 0.93148095785072682062
1642516779.025901318 0.67056085645141583207 -0.57176542841331690070 -0.46420123807700863772 0.00949213593607037102 0.29894674192535047874 -0.01903381613930497582 0.95403273460126314376
1642516779.092568159 0.66929340694913497245 -0.52515868914253160948 -0.44790080296413892214 -0.00825988661860675537 0.28481338943121525809 0.00053916304619304825 0.95854724285084680346
1642516779.159234762 0.65885431660013460409 -0.49495199831368241750 -0.43621677864116575885 -0.01855614500587113996 0.26807432140045389657 0.01015802369235893447 0.96316594740619476678
1642516779.225901365 0.55319585684156968863 -0.52319348464977122326 -0.41777314681570504318 -0.01124501100234717547 0.24267904632533413012 0.02148187641553931868 0.96980356732064609826
1642516779.259234667 0.54489189514724789554 -0.53231043492909724257 -0.41950616379479288565 -0.00607341247951200067 0.23287969724507162628 0.02933127872627059804 0.97204415350341943913
1642516779.359234810 0.53586819808334862358 -0.55436578404630731942 -0.42716854931415709773 0.00386854835289786141 0.20809790739215389133 0.03907019054422793125 0.97731970996367689697
1642516779.492568016 0.57503467761737958597 -0.59322456833960890421 -0.45000053413550228365 -0.00791259688641292834 0.24665000046850615867 -0.00248151067816385030 0.96906914623475304271
1642516779.592568159 0.61661737376987557635 -0.64327496306336029441 -0.48233811432747386583 -0.02182132226713093953 0.30616902705587550892 -0.05093371685325218112 0.95036314809323563235
1642516779.692568064 0.63020036407454660399 -0.72159769155304642752 -0.51356968322677976069 -0.02286320656832129330 0.35415318802434370138 -0.08382263175896624563 0.93114260970197737510
1642516779.759234667 0.61325015788472814204 -0.78740992056919578701 -0.52773118532953011695 -0.02159316301870053273 0.36076301434820551295 -0.11729638687755312987 0.92500018400793604378
1642516779.959234715 0.49303302245261132475 -1.00223643356135316829 -0.51220013302927402954 0.02356523488230143765 0.33154099971018713422 -0.24740740923662396522 0.91011802480279080374
1642516779.992568016 0.47138813043902849653 -1.03018492357989543962 -0.50676117244255425298 0.03050093251654114115 0.32343502415824576524 -0.27371887769535641066 0.90528307962568865808
1642516780.225901365 0.33347424935429781367 -1.19964259628895275611 -0.48223831984049336796 0.08148394242818743360 0.22832134902586515013 -0.44205079514692141585 0.86360918430465027917
1642516780.259234667 0.32876682963776981961 -1.21984733710972892418 -0.48182800372716905191 0.09336732478209622266 0.21953706170705047929 -0.45906227253612907901 0.85577324749844452256
1642516780.292567968 0.32610376247830641372 -1.24330021573704008198 -0.48243329121374822765 0.10723754515234402984 0.21665204831004908348 -0.47271870352640082968 0.84740723752460245244
1642516780.359234810 0.34664272106587534772 -1.23355249717578496771 -0.50069635433501880062 0.12788862908960213494 0.22848779734509910844 -0.48957581385168008614 0.83171710785905572649
1642516780.492568016 0.38026990460519344284 -1.26193943874235969815 -0.50577489837389399963 0.14964251472869669057 0.28119684527853161526 -0.49595243093213836616 0.80781596805434341402
1642516780.592568159 0.39858285474872445775 -1.23781412289440018171 -0.49949039646925041946 0.14286033861173388915 0.29256711036553556537 -0.46619571279139587761 0.82259161614924303230
1642516780.792567968 0.41182989617845811026 -1.10044317236755295752 -0.44776877943919013436 0.12241084030477153433 0.23363121226258468099 -0.37152617235629381565 0.89016871776471473421
1642516780.825901508 0.41714977170752670643 -1.07997045957127202342 -0.44069563204959105729 0.11771069940959007216 0.21725186919510694472 -0.35346313431159420704 0.90222482190325559159
1642516780.892568111 0.43474524628806987536 -1.03562793674421849133 -0.43284985731226749417 0.10526881223682238442 0.18817113292535930791 -0.31379963544139582998 0.92468367061427148013
1642516781.025901318 0.49662275327802929414 -0.96239252879635439619 -0.44403771415067860850 0.09287270373943155855 0.18450486565663248850 -0.26242777022565833001 0.94258383227357811496
1642516781.059234619 0.52401545696276952135 -0.94527072620725316465 -0.45089242835188875214 0.09226302074257654307 0.19591475356538781694 -0.25961199949256835717 0.94111984043390506383
1642516781.192568064 0.64186411602213722105 -0.86436210112242251036 -0.47556761575553502253 0.08120001491071922317 0.27084288319850063909 -0.26116812024562063854 0.92295281741083134985
1642516781.325901270 0.69910890668889180688 -0.76168877953718050478 -0.48387142814476596930 0.04388172900157158440 0.31817328389579380143 -0.23260603078716099446 0.91800576780118403608
1642516781.392568111 0.68674375693185107927 -0.70843217998905516630 -0.47888540784616911994 0.02315220103974965221 0.31198670353882679285 -0.21326843530340980348 0.92555110442656085556
1642516781.525901318 0.59757485941536658824 -0.65168791469221987178 -0.43822068538651232084 0.00564932392701764877 0.29772263298169820978 -0.17307707312616826822 0.93881502209311262774
1642516781.692568064 0.52121133153519905168 -0.58102516743752197215 -0.41168245781816681372 0.00990783668968327896 0.24423154620830644923 -0.10089528902216038375 0.96440288638201676630
1642516781.859234810 0.54317619762173985354 -0.55040786675671982131 -0.39935241088119910469 0.00152673789144468241 0.22749414009752247368 -0.00504877353705717163 0.97376516428678594473
1642516781.892568111 0.55336004622081735871 -0.55161530814324299943 -0.40451234955003467775 -0.00680397976392304454 0.24163104342804328506 0.00247242237123683570 0.97034119351847847312
1642516782.025901318 0.59492198525035178136 -0.56301238693358479637 -0.42023370648658781024 -0.05565321317577649751 0.31906926332704949045 -0.01767473471570654014 0.94593082665482197680
1642516782.259234667 0.46960677528118915935 -0.72289023773478555679 -0.42102188547546293140 -0.05221612029497672836 0.29695384060656038194 0.02101873897932656637 0.95323140209608758777
1642516782.292567968 0.44277478566405570337 -0.75673713746545145931 -0.41706110623729608644 -0.04706132638338038354 0.29052852936022477426 0.01931660546818187232 0.95551309459368927168
1642516782.359234810 0.39377401964940489387 -0.81528480007009263009 -0.41431769464502093969 -0.04082993867730629056 0.27444041106012939668 0.00526963884977038610 0.96072244055770217308
1642516782.459234715 0.34036411951333556125 -0.89042613099295275791 -0.41267204895641979023 -0.02436284911255321220 0.25250646534343995642 -0.02576894454384094646 0.96694513703724560560
1642516782.592568159 0.33488454245208232329 -0.97433686040684674978 -0.41576894256408863937 0.00550874597841645355 0.22626387748198056871 -0.06411779882154636234 0.97193786804447757088
1642516782.725901365 0.39213676536834685127 -1.03040900304292804002 -0.43107852037887606222 0.02623574727324305689 0.21592607737295457793 -0.12331412315864659357 0.96823614976149152689
1642516782.825901270 0.45396288718489757885 -1.05853573863646666098 -0.47973087258291791102 0.04901749939110894294 0.24238530658464690903 -0.14828850029232462648 0.95752658897096043500
1642516782.892568111 0.49198260530904536214 -1.09341404758470694958 -0.49009914839572082945 0.06329881309623489050 0.27833002701025183478 -0.16161662258728404229 0.94467228371989397928
1642516782.959234715 0.51046570923954603938 -1.10655156075718763553 -0.49516330672489750064 0.05951828665004479241 0.29880217928110475167 -0.19511926507040475154 0.93225710166750186403
1642516783.059234619 0.49377231236347801646 -1.11335988370285998705 -0.49506423644430042064 0.05300624726377874130 0.30238265487131554821 -0.24009246084670668453 0.92092924702637091183
1642516783.192568064 0.42238324576261565557 -1.11027604527478129803 -0.48825587651887730756 0.06193182695316419573 0.28967942955438524821 -0.29697935248456980295 0.90777394823884149933
1642516783.325901270 0.34579513622407670459 -1.07210369596152865768 -0.48026241891098697678 0.06731209178567326701 0.27917175662802345970 -0.39777975959593142585 0.87138021291309097904
1642516783.359234810 0.33321701198051284498 -1.05287567614042210096 -0.48732562328359008141 0.07340602677659671671 0.27186475160294720776 -0.41117864921403074474 0.86696783706159852301
1642516783.492568016 0.29087084844446642329 -0.98484469272181329735 -0.48742383955129131579 0.10364025164284766667 0.23738736252517067538 -0.41809899963681212975 0.87068890245336616474
1642516783.559234619 0.29619091352665111172 -0.95568830285814609926 -0.50513982092126252788 0.10566563396095432492 0.23810724376679326397 -0.40327903187929775575 0.87721476088350613942
1642516783.759234667 0.41091944973578359290 -0.86424272132185597783 -0.57077647737884651402 0.08543370534754472778 0.34675915928646949826 -0.31836808772976737947 0.87812352670727411574
1642516783.859234810 0.48244385455791860551 -0.80843910584731892843 -0.61890700675069598713 0.06719010448954659820 0.42021920288961700507 -0.25383853701490721733 0.86860077625318199424
1642516783.925901413 0.51539752070660482808 -0.76302061805297560770 -0.64378037347375061117 0.04160457721882312998 0.45108001301197409028 -0.21529928530293099276 0.86512548151329315971
1642516783.959234715 0.52867415914180393433 -0.74171835826836596262 -0.64913763976999139249 0.02775768093841467221 0.46302523270323903137 -0.19454736804464511923 0.86428494526743548931
1642516784.059234619 0.52284200013677406549 -0.69103327041226825234 -0.64027345282316217023 -0.01082201182188160735 0.46819150055403691013 -0.13818218422584038763 0.87268853941808033348
1642516784.225901365 0.42009802643053695270 -0.68998732421012032301 -0.57198879990616913194 -0.01811410214289427625 0.42611392427686550777 -0.08242417122976102017 0.90072474088259257829
1642516784.359234571 0.33779253887052529404 -0.71761476110226185554 -0.55848495148051058301 -0.02324117822383774123 0.39851187827104639361 -0.08735145531111362938 0.91269811754307950125
1642516784.459234715 0.32723653840270144899 -0.76920716471387051705 -0.57686298546975700585 -0.00896868763060179076 0.39914952390982227914 -0.10304503480980424512 0.91103289787240571140
1642516784.759234667 0.40114817298467358997 -1.00832235793184854522 -0.69644049821906484077 0.04298461500708743860 0.50159556318275311249 -0.18963029239961542993 0.84296771354097865814
1642516784.825901270 0.38945791525063450100 -1.05945688966352324911 -0.69776364985260430629 0.04567618297386277088 0.50858802179083983930 -0.20442150402394448916 0.83514295727881637799
1642516784.892568111 0.35397203523070597253 -1.10257779795415644664 -0.67932041904668105659 0.04232643701515233225 0.48529480364555888094 -0.22837761718253216103 0.84293599416221953735
1642516784.959234715 0.31667373864063802502 -1.14122522277484095277 -0.64227380242137321886 0.05062976261358882735 0.45839786138111571212 -0.24319114697480670451 0.85332648725560433789
1642516785.292567968 0.15006291293494666839 -1.33747522026893306268 -0.55293296182640483405 0.14780637019437461999 0.29620308868271916225 -0.40671268880693239867 0.85147037291277272164
1642516785.325901270 0.15227966737012885168 -1.35663872657923945120 -0.56113341711275277479 0.15459419896509501990 0.29365065585172100970 -0.41595960917583624239 0.84666848854701115545
1642516785.392568111 0.17082027554599302221 -1.40479320127514228922 -0.58086922821898956393 0.16399021787885342816 0.30459623561973925288 -0.43861500242442363895 0.82942463270302824174
1642516785.459234715 0.20512385767150359550 -1.34803533341184200722 -0.62035726908019284132 0.16692685386067138142 0.33659424964701678551 -0.44577138764711715657 0.81248237305181181256
1642516785.525901318 0.23118990787413465360 -1.38612789807150216248 -0.62330107546816260200 0.17278869210068117934 0.37704323678277806842 -0.43825596329636090642 0.79744227133610157132
1642516785.592567921 0.23692764211270250785 -1.39334219881084941939 -0.60183250284349254500 0.16313277891351593563 0.39520867144663063275 -0.43784274859847577277 0.79088022478569719453
1642516785.625901461 0.22399544632476323103 -1.37298411476395632036 -0.57809094517268544422 0.15279851524579837752 0.39121035164366302350 -0.44297793191716899885 0.79207173055216972823
1642516785.759234667 0.17600473484499859489 -1.30995517144987849711 -0.50827570952823675210 0.12715040827152185310 0.33319793532463393149 -0.46241589600955124162 0.81177795528670915193
1642516785.859234571 0.13629911872055447408 -1.24505208103252384966 -0.45066808342085451500 0.11667510282342834216 0.28674692689272623936 -0.47426515713739775260 0.82415755837349413682
1642516785.925901413 0.12029567125314813425 -1.19886496038573175937 -0.42558016215018668049 0.10533222283073723213 0.24347938015449899218 -0.48086221242438176304 0.83569997423444120077
1642516785.959234715 0.11568454943109446331 -1.17199304865391651376 -0.42547593909606240548 0.09822319771121901244 0.21943644324308567151 -0.48092280906382778305 0.84315662989172057706
1642516786.092567921 0.13736976372891712694 -1.10866771109290551678 -0.41129727060697257590 0.09041773150761368838 0.17924777055441271090 -0.45361282030412014565 0.86829158687392093974
1642516786.192568064 0.20162759253279502469 -1.08795633045648276749 -0.42626116853794743244 0.09255235187487394211 0.19898941878363871072 -0.44164808623403206678 0.86993346946786465068
1642516786.292567968 0.27511259526431525169 -1.07843563021792343548 -0.44151655393953204154 0.10684232807668854470 0.25218064477162249748 -0.43467794263568393376 0.85793048991146780846
1642516786.459234715 0.29729276627325584847 -0.99919813927517464602 -0.43383974186703727627 0.09468181822099872025 0.26802523559634938710 -0.42460458602871981038 0.85959802925859862821
1642516786.559234619 0.24879244784247131483 -0.92473390323968984728 -0.40553044625789136379 0.07460243561824519976 0.24294967627970520674 -0.43193228702943209374 0.86535797842103256983
1642516786.659234762 0.19220916527615772296 -0.85810194603005229830 -0.37899526414072859382 0.06010081868880126632 0.20691683457611090291 -0.44037116930039837959 0.87157704674396863087
1642516786.759234667 0.14675151809924916191 -0.80981864398350056344 -0.37209076414677111355 0.03951050265026023744 0.13859658288170254026 -0.44275680701574704479 0.88498379489969170031
1642516786.859234571 0.13880499232313414648 -0.79730897620768681477 -0.37382910080241882333 0.03513772150323114796 0.10036201469088890104 -0.43551219126257573189 0.89388027039219120073
1642516786.992568016 0.18390225823300476726 -0.82561387824161536209 -0.38595183602215976659 0.05066162948746679578 0.12778069133463670903 -0.39930622290840678268 0.90645465113613865604
1642516787.092567921 0.24846721474983021749 -0.85628825617678383519 -0.41262282300435343396 0.05031909644968218104 0.19388472915021132126 -0.38322781281626655536 0.90167241491513827611
1642516787.159234762 0.28765644472685253374 -0.86040187631976705607 -0.42840371741854160748 0.04054302030867791562 0.24929689444364513951 -0.37031696016586174158 0.89390864798284608295
1642516787.292567968 0.29118218376286020277 -0.84286374410981157457 -0.45096467130210338148 0.02147844355456444629 0.28604279900761453437 -0.31387758340246058042 0.90509615855763869696
1642516787.359234571 0.26165261805604317358 -0.83720960029677771175 -0.44770627168700793952 0.02390927864577162623 0.28366655119895056725 -0.27785248567105047535 0.91747459383459262217
1642516787.525901318 0.17369585471784590447 -0.85153777492968751872 -0.43747797025644313829 0.01830697705529276895 0.23023197256007432721 -0.20292393529819277576 0.95156711265432503133
1642516787.559234619 0.16175411508097195523 -0.86149565103875558325 -0.44680954438909470383 0.01380630517939311110 0.21445339638677671235 -0.18735567384284199099 0.95849724996703256075
1642516787.659234762 0.16494592208683850343 -0.90485623155562011632 -0.46183378502458788395 0.00468655244298382071 0.20484329007611526419 -0.13599015771468545011 0.96929043105857937146
1642516787.792567968 0.23810320846824870045 -0.96094296092450193214 -0.49264616503360786348 -0.00199098639405790624 0.23589443193773157459 -0.09111086815477983936 0.96749607888509603359
1642516787.992568016 0.36233513689418539450 -0.99426931267344631493 -0.53416592532866324916 -0.02003443060664673522 0.33247022054918912159 -0.06272142095611399348 0.94081251978887214804
1642516788.092567921 0.35469985331776532345 -0.98916691237165821349 -0.53117204117856053891 -0.04245084973914305809 0.34488581265343076776 -0.04975998358629755286 0.93636298817301544251
1642516788.159234762 0.32416792403489458341 -0.97894323732136589999 -0.53058577217221880584 -0.06169575152787219047 0.33322899214116324940 -0.04392311843635535173 0.93979935768589539791
1642516788.325901270 0.23622945965113092970 -0.93625047867607213981 -0.53115875392176081782 -0.12688608205068541146 0.30100220381665543368 0.02987724930502267534 0.94467187184403289546
1642516788.425901413 0.21960416277310343403 -0.88941325699065099109 -0.53648225714627462146 -0.17370456365749220584 0.28164428076322639560 0.09029721349552147225 0.93933467779746604442
1642516788.459234715 0.22433947906698215036 -0.87465295221506644818 -0.53950447674364521156 -0.18884091461462629291 0.27450814579927801384 0.10036941192018801472 0.93750219626844044640
1642516788.559234619 0.24942250176079894253 -0.80288560097305738950 -0.53112479058031292212 -0.24731633003920081015 0.25784266144187251157 0.10162197392890798264 0.92845289016261101089
1642516788.759234667 0.32004094086320677981 -0.63629127040820210315 -0.50482981152435357775 -0.35417006743462903229 0.20640390532046232197 0.08908454999628019622 0.90775819145506597696
1642516788.859234571 0.35627346901959267012 -0.56302066553445317965 -0.50145136883582908105 -0.38964353168814613859 0.20503824919184487907 0.09543543355335060152 0.89276498173058715935
1642516788.959234715 0.39313986515040028058 -0.51732903891641557337 -0.51692923290897851984 -0.41555092547927408031 0.21003930891718583518 0.07420027144887583748 0.88187030608804539700
1642516789.125901222 0.44097927352063215345 -0.53439590637701794851 -0.55484086991394721000 -0.41506334148638079906 0.25134254953977414049 0.03822763458757787863 0.87354907892965283356
1642516789.159234524 0.45110997681685466310 -0.54737674945232916990 -0.56542873204149890487 -0.41331315562886644654 0.26281179984919933457 0.02685836647955584799 0.87142459306252240125
1642516789.259234667 0.47596980669854288548 -0.60500208298892610426 -0.58818727411222193613 -0.40086189434473118443 0.30360914619076556642 -0.01168427333541489574 0.86428855469009380208
1642516789.359234571 0.49015290698751379228 -0.68797157290405397401 -0.60708311558387095808 -0.37153899286306812932 0.34036025883500126143 -0.05207254754027815929 0.86220770164777205125
1642516789.459234715 0.49341719083345841890 -0.78996360876900983961 -0.62366693007587947761 -0.33403485760995316189 0.37602421619178100221 -0.10028148035340153643 0.85846964269972025896
1642516789.559234619 0.48070898822438690168 -0.91015039109031281583 -0.63813751169340826586 -0.28703600933438627729 0.40605780194992940890 -0.14693852167306428735 0.85506517977842855238
1642516789.825901270 0.39052158588322938293 -1.24794481589212624684 -0.59699919467896045422 -0.03385851466453407288 0.41104239596825004055 -0.28827619027561701692 0.86417277660290137131
1642516789.925901413 0.33702436766123711198 -1.34600751671407770083 -0.56248519472584534995 0.09576283808211434601 0.36538331220551978351 -0.34087032046922455253 0.86089020126110771258
1642516789.992568016 0.30412361851768138221 -1.39594869767434204277 -0.54197120347031746412 0.17539257227036353370 0.32642056771132965665 -0.37587399881301924998 0.84935610646165893289
1642516790.192568064 0.20093969548344714493 -1.46354192598602406150 -0.53249008731836700026 0.38895751680721252219 0.19083981087524556908 -0.38424397552754335772 0.81525994871271345588
1642516790.225901365 0.19276836515051568033 -1.46194204178988296228 -0.53861192521735534733 0.41243210494302451341 0.18181123496467044287 -0.38588410383145277383 0.80494589387305037764
1642516790.259234667 0.19088272516975340887 -1.45469512511436382951 -0.54426613910571330912 0.43137762902069737292 0.17882355461870480529 -0.39023337652026440781 0.79350701908906029480
1642516790.292567968 0.18183717025875514861 -1.39823023017685610370 -0.56324535656359353553 0.44323315610918745389 0.17949859492694900109 -0.39403010017231443474 0.78489802133967412345
1642516790.325901270 0.18678007341032937250 -1.37537345867733473703 -0.56393755663588263083 0.45594607781292312287 0.18334161465027420945 -0.39390519050947664370 0.77674817499247139629
1642516790.425901413 0.20740112788077469386 -1.31346134928739477488 -0.58420305808568762096 0.48002871244669653716 0.20015154895827491632 -0.36390823894919860360 0.77271119203830807010
1642516790.525901318 0.25064086760764819894 -1.22379916719226566890 -0.59928737078435412311 0.47144019545752352540 0.23073358893302209349 -0.33388395861106900941 0.78296082611281458963
1642516790.692568064 0.33672146674766195718 -1.04144312246454640025 -0.60587927696911347830 0.41294354082442669140 0.29242781956996666270 -0.27036996564829346434 0.81906268631178691386
1642516790.759234667 0.37139797679553665510 -0.95965172568470913372 -0.60657923870483032580 0.37504711503336718437 0.31921547401613759032 -0.23631165963349168302 0.83761443527142342980
1642516790.959234715 0.45198741219326760143 -0.72184373074278629367 -0.59322927099837763354 0.21169185109065663530 0.36964684872835396057 -0.10616425181237931774 0.89848590364241465167
1642516790.992568016 0.45809359063756877051 -0.68658698600380330124 -0.58773439552100092964 0.17854532964778827009 0.36628368658532112212 -0.07971353186893076481 0.90972720034052512172
1642516791.092567921 0.46915991815186663949 -0.58946862921896547860 -0.56085461796056601536 0.08022330981607062039 0.34759187342403896626 0.00905715579720282535 0.93416383896005461551
1642516791.192568064 0.45845438756612322262 -0.55652582731308275488 -0.52891077082989068625 -0.01031943431090620762 0.32225773154023507061 0.08671620259289042343 0.94261538495078334154
1642516791.259234667 0.44889666220470542113 -0.54242891878457977217 -0.51264223813817111353 -0.06289482778437835431 0.30755801128412013634 0.10557295780139276664 0.94356062916698457688
1642516791.392567873 0.40918688723951640585 -0.55498261991494346468 -0.49770363618040314169 -0.11757619395134021045 0.26330084359112110315 0.13079080774448473279 0.94854745215495994692
1642516791.459234715 0.36673778962677094917 -0.58598168375236159289 -0.50167458611322546247 -0.12256175819764025814 0.23432183102785669737 0.14960484382795158353 0.95272781298462672073
1642516791.559234619 0.33292691737606971980 -0.64029925584147684425 -0.51733450270125969084 -0.14063786190666746623 0.21571716517688899195 0.15813931132456957029 0.95324658649279137013
1642516791.792567968 0.30766113210008200207 -0.81957411347200392893 -0.57797962611811348754 -0.13631144044758125577 0.27666524331231018285 0.08498972327517435865 0.94744513365347704514
1642516791.825901270 0.31036285462564400239 -0.85154550239828319391 -0.58747943632514065815 -0.12548756551121195701 0.29470380793655476248 0.06742483081036949877 0.94491080461594711970
1642516791.859234571 0.31565019626801726904 -0.88327159849594605312 -0.59283273853674200993 -0.11453004912353347000 0.31291959672200880815 0.04930600900366497591 0.94155887299267004842
1642516791.959234715 0.33531949879302214157 -0.98024181597911785868 -0.60544618723666820959 -0.08087773091812540394 0.35694650127890537039 -0.01072990185205944039 0.93055513381665300177
1642516792.292567968 0.38468527231405685862 -1.19182087910689693544 -0.55755899241083139994 0.00537551927963129863 0.33564163787786910342 -0.14242423999146025526 0.93114506419676124072
1642516792.325901270 0.38510487516111480133 -1.19291041579130752126 -0.54944267653458922496 0.01118745200737110944 0.32578903897214167573 -0.14081214622034690653 0.93483061699968450498
1642516792.392567873 0.38871317882371131391 -1.18673098050177316942 -0.53391008523168248523 0.01848842002694080569 0.30355222361807515652 -0.13403125441035979026 0.94315950331988640531
1642516792.425901175 0.38120637104024818198 -1.11579303491437920037 -0.51553770521910680102 0.01359871808728980135 0.28962237461923900916 -0.12763145460002059406 0.94849573893770267041
1642516792.459234715 0.37847302348765970992 -1.10762276406691828612 -0.51016086249863434876 0.01464940284234871395 0.27811131747067291409 -0.11907351997629350704 0.95302727501973638624
1642516792.692567825 0.34744552686489382776 -1.03739361569738486324 -0.47510194943939337842 0.01621012678829446274 0.20958698532869607378 -0.02612860942355142019 0.97730641210417101838
1642516792.725901365 0.33934502217331757867 -1.02824681070341350519 -0.47690535191263899728 0.01621194569816776856 0.20318363583940446393 -0.01178720175473271618 0.97893546509387074916
1642516792.759234667 0.33084277868527139921 -1.02043751034285801182 -0.47964765242181439664 0.01595913270393225364 0.19803233964183727944 0.00304052190478401900 0.98006084186945496839
1642516792.892567873 0.29502562891618766550 -1.01668938028296018672 -0.50094376481163793713 0.00884079324321203515 0.19501422833904799581 0.05802089646880453921 0.97904283189915275454
1642516792.959234715 0.29407723211208297576 -1.01160726804086031905 -0.50887792438652956761 -0.00007727089621024638 0.20290546584725752122 0.07393769556061302595 0.97640287951936211019
1642516793.092567921 0.28841979731520595021 -1.01220340761571558907 -0.53107088643553901353 -0.02472157890418646975 0.21612841265647697586 0.06508000332420753320 0.97387984163673746441
1642516793.159234524 0.29026271827134736414 -1.01288469316184470692 -0.53998218735807079760 -0.03514307224462936280 0.22491290630984586696 0.05055287909766144339 0.97243177419467552447
1642516793.259234667 0.29030757625613373696 -1.03421680367308921333 -0.55102027105473438962 -0.03673552931566903546 0.23079632556365559104 0.02173115426749369986 0.97206548849674478951
1642516793.359234571 0.28834750885793741793 -1.06583600773222575420 -0.55891071406986647663 -0.02922108034626048900 0.22848836454520979333 -0.02282565962252292371 0.97284026694707159688
1642516793.459234715 0.28533821874966208698 -1.09988576035269081110 -0.56006422524267074348 -0.00689900574998813555 0.22764828666728023632 -0.08081612649103826762 0.97035942567488775445
1642516793.592567921 0.27660611672538698569 -1.15511254938836871453 -0.56811766547176989484 0.04613077625242215096 0.23462016883504371867 -0.15186527807878794083 0.95904236880975024526
1642516793.659234524 0.27417144650292141206 -1.17499470754992363375 -0.55299398264412535919 0.07078957639190082418 0.23990862981753402483 -0.18319717619660133567 0.95072155747459519137
1642516793.825901270 0.25672981199274635955 -1.21722490684879125489 -0.55426802749674553006 0.13062457028789206670 0.24521747658321871310 -0.24533229961381675110 0.92877213221621723882
1642516793.892567873 0.24864346802170789186 -1.22737318322566446582 -0.55571522423229446908 0.14993233097980074309 0.24663090876882395874 -0.25317284838967257787 0.92336179247632255152
1642516794.059234619 0.24418640551687223472 -1.22831708081021040435 -0.56766016071318914360 0.14628823153025158343 0.27083758748321240528 -0.23699883373748820148 0.92145445211854892786
1642516794.159234524 0.24984532909968071301 -1.21676940463464844377 -0.56566163099720601082 0.12910489028138716350 0.29789517141219951091 -0.21295237617508730454 0.92154309700421022100
1642516794.392567873 0.27275927816749812038 -1.17182995892484176359 -0.59012255505972965874 0.08809485255022567185 0.33901024399010420973 -0.14912724274900054922 0.92470125818774828730
1642516794.425901175 0.27490702060644495175 -1.16403336258049527885 -0.59223412294725008564 0.08090699874205661835 0.34289792942595304082 -0.13905179119481678174 0.92549428248663967445
1642516794.459234476 0.27571583994757087321 -1.15748841802605939577 -0.59423138608903902647 0.07455178195789780027 0.34564065805540555854 -0.12946144466701367537 0.92639856522484853585
1642516794.592567921 0.27582977457322366277 -1.13501991258681478314 -0.59841965865991153528 0.05442353060814297122 0.34790076968297545257 -0.09909277118135116635 0.93068993573033664823
1642516794.659234524 0.27442547537559719428 -1.12746129303177733405 -0.59985738976038749382 0.04745160283677676144 0.34599637115871439974 -0.08414767060110299457 0.93324917683629926568
1642516794.825901270 0.27272880760280132639 -1.10671729539896390726 -0.60333995141394280992 0.03027532347739519611 0.33980419362420255514 -0.06411913993575009407 0.93781941261505363805
