1642668758.637584925 0.32080276630012127814 -0.55956871886632497670 0.02694281396836051279 -0.01835549635876315352 0.23248708781940380375 0.15512397103337061122 0.95997363680546676790
1642668758.704251528 0.30755480141171365194 -0.56444289069730213537 0.03687066648522428769 -0.01209880388967417113 0.23073264948535768259 0.14543262356662930990 0.96201113060527188026
1642668758.804251671 0.29448512353305800193 -0.59768084570423329893 0.04859963485563430219 -0.00326540229283793981 0.22841554953418957696 0.12991268811975276165 0.96485147424065220711
1642668758.904251575 0.30316111818566476854 -0.63292372888883208226 0.05536712749951954587 0.00484559393814061948 0.22801231613620542849 0.11492029008146383007 0.96684033368347954696
1642668759.004251480 0.31582528799051273749 -0.67250942431616200778 0.06148039520966235710 0.01326920257473672773 0.22847850404671812830 0.10225660411054256216 0.96807287347977277747
1642668759.204251528 0.35913590781484111547 -0.77815575283900595416 0.06830499921598079394 0.03224830174350573619 0.23175290240981807899 0.07477844132498187579 0.96936000741328887109
1642668759.270918131 0.36309676205205571042 -0.79702248649452034357 0.07116902336984656796 0.03870063822297301753 0.23202342609400453122 0.06514558081586376004 0.96975432128188965297
1642668759.370918274 0.37275309044577242812 -0.83700720466759026550 0.07275196633144684344 0.04853301658840099980 0.23231548005882657337 0.05218549682804646261 0.97002615322818841470
1642668759.470918179 0.38087257725220152738 -0.87205252610598338325 0.07518804709814365383 0.05901448573685021820 0.23157928480958708817 0.04070656093345331045 0.97017075879314473852
1642668759.604251623 0.37226257249315874986 -0.89689968857520829815 0.07448159938583040485 0.07209055120258221760 0.23176011699990251014 0.03206398849024665737 0.96956799722226638671
1642668759.770918131 0.38183662564871712064 -0.94336937367551332301 0.07798161763510401412 0.08302849571366070769 0.23577685359108904728 0.01192392704491391717 0.96818043988403335032
1642668759.870918274 0.36281289799094190718 -0.91442145904432226011 0.07669273326756675946 0.08711980492412360610 0.23785069205509193346 -0.00080307006442396271 0.96738644964531528281
1642668760.170918226 0.28400024779755939086 -0.71684926985688313117 0.05092194579207338229 0.10573320821454167129 0.24423513508750763212 -0.01049817207907031286 0.96387731369321349995
1642668760.404251575 0.29516306659605173746 -0.70249154781655542834 0.03005362739459274332 0.11842756750472874239 0.25756761718322462862 -0.01193325850251618532 0.95890115818836141326
1642668760.770918131 0.28156432472679904233 -0.67978167144823320456 0.02887575843829933223 0.10393958800720566604 0.25042827400186756792 -0.00395051720990576092 0.96253136834033214964
1642668761.004251480 0.27534856199541524191 -0.65841161893422039952 0.03316995324079313051 0.08286519766444329360 0.24527859598722595580 0.00901121970842255413 0.96586260269560830771
1642668761.204251528 0.27433992878272012161 -0.64241475416705529078 0.03269520109265614677 0.06653355004729195887 0.24820083103656931378 0.02564267301389461587 0.96608078725930746078
1642668761.404251575 0.27542650219326464400 -0.62776737026770812466 0.03141731527724452022 0.05169008958576354340 0.25299727471080013519 0.04728010125465782060 0.96492751315986058369
1642668761.570918322 0.27522576616765409563 -0.61097948620196962377 0.03066239940988065710 0.03771756178121723341 0.25567139677242950446 0.06890875815145466876 0.96356686610517028324
1642668761.737584829 0.27637835695398182967 -0.59533299849677567828 0.03045800371532298920 0.02366446604827235345 0.25911635280802353121 0.09722362045544871711 0.96064888298464856664
1642668761.870918274 0.27189665474368568399 -0.58620745062388257551 0.01984284822436938392 0.01266867277577481132 0.26425020882827282565 0.11631648814387010593 0.95733056278915040771
1642668761.970918179 0.28245666271014591153 -0.57852769453239849540 0.02424235517699548093 0.00542939949920595143 0.26795245958342461812 0.12869492245630906324 0.95478249772303425136
1642668762.070918083 0.28060376487453725369 -0.56882439702365061862 0.02555053763040536496 -0.00085031322726078756 0.27146552739223989148 0.14113127399327704548 0.95204396322129114516
1642668762.170918226 0.28282620052320900372 -0.56440712697185879687 0.02920796238841850967 -0.00694862181281733458 0.27491641875200439893 0.15095401371489258757 0.94951859649974157396
1642668762.270918131 0.28277941615793616981 -0.55559415701884906635 0.02162714859398343764 -0.01317006061181327965 0.27895902669011052311 0.16074346144877402209 0.94666253254951093776
1642668762.404251575 0.28471402166680781498 -0.55048102874307414112 0.01699908244603763260 -0.02156264255822342921 0.28520350622730511470 0.17087970529494106442 0.94286485712421796990
1642668762.537584782 0.28625375181412021641 -0.53802576422821835056 0.01669215335600745045 -0.02758471537775439297 0.29254078977489422764 0.18008903565781700373 0.93873686889950525014
1642668762.670918226 0.28771368489349213871 -0.52747693365399006549 0.01271078884711497256 -0.03417695889385660019 0.29990977824850828526 0.18834441743110208467 0.93456537535596562183
1642668762.770918131 0.29270628702185602643 -0.52107776855552734308 0.01170219233382564263 -0.03710474352098233619 0.30581933893346330278 0.19765004200823627079 0.93060852716740349866
1642668762.904251575 0.29326640730781972088 -0.51200828945736465148 0.00676923068095507639 -0.04250942761809439752 0.31311493687989067070 0.20826000463465693668 0.92562398161232661842
1642668763.604251623 0.29235832604620465291 -0.53290055318994611344 0.01599590107432015407 -0.03951861992318313893 0.30667757934861905600 0.20056895658871717880 0.92960165375129988341
1642668763.904251575 0.29596702403089414357 -0.55458443922784861346 0.02613814863269424763 -0.02683750374800065661 0.29348997671574916790 0.18147419680844803502 0.93819534098858847759
1642668764.070918083 0.29933889961527299084 -0.56459456468693991482 0.03136026140555109309 -0.01879386217151483851 0.28895240795266746714 0.16931331906631391648 0.94206491107024148413
1642668764.170918226 0.30002255646406594813 -0.56865414581743389810 0.03392113228995830010 -0.01356385144903096869 0.28541976715607575432 0.15833176386909983413 0.94513630286881888942
1642668764.304251432 0.30145836788724317268 -0.57726948867791150199 0.03543355740691284117 -0.00522547599542583837 0.28002870702393556357 0.14582364364314262528 0.94883722660831648632
1642668764.404251575 0.30349685022020767011 -0.58254321651608864663 0.03737213704596383662 0.00098186949127657673 0.27742675762641028081 0.13381194863434958675 0.95138204339154797129
1642668764.470918179 0.30500993390620290135 -0.58541532815157715230 0.03895792003430266492 0.00422127284149681307 0.27657956590164273214 0.12502806031855523416 0.95281367995754351341
1642668764.670918226 0.31133613052798775334 -0.59808051199631917516 0.04101583797265150044 0.01654325807220114603 0.27552650859027078001 0.09621512773845783406 0.95632322614829567975
1642668764.837584734 0.31361056641979634385 -0.60919754354968769228 0.03496049507260916289 0.02822685053261375990 0.27661351875211515061 0.07764219999475757694 0.95742357132700506295
1642668764.904251575 0.32071919835316392566 -0.61124830910755534319 0.04226740067922458294 0.03261643786251475913 0.27802710781606920776 0.06845059791292179563 0.95757590349066112889
1642668765.137584925 0.32952600272614407384 -0.62442124994008196825 0.04281570612192440312 0.04866429807055185769 0.28103795468094805443 0.03890419875016224577 0.95767213462732525553
1642668765.304251432 0.32943034959141720419 -0.63472144960512044687 0.04325696953871011746 0.06310807813695810953 0.27886940948177513233 0.02803409757560925905 0.95784305201962338661
1642668765.470918179 0.32873586793171849507 -0.64043555953029418504 0.04511733644117989911 0.07520490939618899862 0.27870037342828779536 0.01436368585104234007 0.95732126685999019422
1642668765.770918131 0.33337868708497903070 -0.66484171332404151666 0.03858339958585495222 0.10025588237665986058 0.28204708133491451783 0.00756717927654026665 0.95411788567091126989
1642668766.004251480 0.34603343804271624595 -0.67910144323290455581 0.03121204111586382834 0.11422058293959715114 0.29738356778741575903 -0.01184285370933169448 0.94782720938944642342
1642668766.170918226 0.34977047025157947946 -0.68561321195311619725 0.02891716165042447148 0.12435827781524017022 0.30798748424028887793 -0.01815821479815661610 0.94305302476876107232
1642668766.504251480 0.35576978936449948909 -0.69131500821824665159 0.01995745020001869416 0.12579416440870938576 0.31342340512860200619 -0.02425691635876890684 0.94093209070956362883
1642668766.870918036 0.35194911250151728055 -0.67258973514198971966 0.02496809051954136313 0.10359717855323199998 0.31006720267727316820 -0.01047622819511709671 0.94499534552425412670
1642668767.070918083 0.34745304987447550582 -0.65993854198810042444 0.02631371855263978099 0.08995221621188290162 0.30407444457680760097 0.00101530289097405521 0.94839142768896655955
1642668767.270918131 0.33893882795818652820 -0.64232040010547608588 0.02540492988832285942 0.07397625042905875414 0.29750043328010705723 0.01154503385934711919 0.95178133978545320648
1642668767.470918179 0.33373075377191785407 -0.62553023496902759870 0.02379590380650953990 0.05552466874458033413 0.29598561592960243027 0.02550051282922167345 0.95323619852008623088
1642668767.670918226 0.33074823596833741179 -0.60134031613622507262 0.02040181470228952937 0.03118848684115561876 0.29763330067908394527 0.03624788802999038412 0.95348192810813059417
1642668767.770918131 0.32948464634084012603 -0.58751440578135949444 0.01941380119355693573 0.01759295182477933414 0.29830654815668999902 0.04478236710670153303 0.95325664485974193063
1642668767.937584877 0.32731939589313602257 -0.56681084521692337574 0.01860001278340141229 -0.00344538812541236297 0.30019043325054939331 0.06869308574225417574 0.95139639113080520794
1642668768.204251528 0.32384091114013996426 -0.52754658502630302763 0.00823411632137575553 -0.04601848567985521860 0.30885295810470297928 0.09412508942246122778 0.94532143569630389113
1642668768.337584734 0.32432725542618601189 -0.51069288951580926739 0.00145361630894481181 -0.06128498946838771555 0.31495208383332035096 0.11166556601460327081 0.94052120461026667009
1642668768.504251480 0.32675028737194544703 -0.48991644676743317799 -0.00795332994022317219 -0.08087495175190785590 0.32427248124079649516 0.12171462143545959400 0.93460801998371845212
1642668768.637584686 0.33223124409054233253 -0.47544910790759048469 -0.01426616342326221358 -0.09604726314777449481 0.33503247809891734121 0.12998633755897950892 0.92824119382234038245
1642668768.737584829 0.33570210451045895406 -0.46644332248081976644 -0.02029110054909029001 -0.10665577096903088028 0.34154524406133596193 0.13224161770522285808 0.92438279263776312877
1642668768.870918036 0.33961030428765826006 -0.45532116920182158504 -0.02893299887743305474 -0.12102489308513128541 0.34989009980924695720 0.13697353991373412141 0.91878623339311549234
1642668769.770918131 0.34303715956104663398 -0.47895991849322616662 -0.02277561554595716742 -0.11544094500281447402 0.34651009623508494117 0.13258658993593647191 0.92142549215504621074
1642668769.970918179 0.34681792472203765154 -0.49050376322851557687 -0.01340044817823502973 -0.10023700176285199603 0.34423686580762286047 0.12066744080815758333 0.92568509355252581727
1642668770.070918083 0.34105875493452864067 -0.50210506401729571024 -0.01314033233434024062 -0.09120594649346110139 0.34143255138676692484 0.11358971863703683225 0.92854868692907721606
1642668770.270918131 0.33809858045031354612 -0.52396035288705644639 -0.00693058083675441011 -0.06685173400459772097 0.33298328705747781697 0.10926285732827702157 0.93419195255013653956
1642668770.370918036 0.33534762391149447458 -0.53970654168181242394 -0.00042963776672399947 -0.05335199166703248619 0.32927414012847450175 0.10391209278681844130 0.93698152735284923054
1642668770.604251385 0.33723023718920025482 -0.57578558160251103182 0.00424008946391724647 -0.01747143521438097521 0.32092395244600585569 0.08030955719305521434 0.94353216199631417815
1642668770.870918036 0.34606022247892820332 -0.62129244736554201101 0.00108521023929660930 0.02827632294063990581 0.32479243266881191454 0.07284376253037130877 0.94255191448665087695
1642668771.070918083 0.36017133296183517777 -0.65280062642226810432 -0.00747157506920573949 0.06299072920841988776 0.33574066340837210864 0.07371811800571519135 0.93695037971367156615
1642668771.337584734 0.38348349342764742609 -0.68770714801424626117 -0.02866424421981950826 0.10416651183604108688 0.35900235352745857309 0.07995196095167035610 0.92405320837798088363
1642668771.404251337 0.38848183209142850281 -0.69367461556237575149 -0.03233463809377992715 0.10893617086236218050 0.36394712557098640726 0.07286403161228835468 0.92215304226774974516
1642668771.770918131 0.38967455417794083505 -0.72376287042897768931 -0.04471448416074674109 0.13331871328944833177 0.36346832717571336824 0.06845630661355128765 0.91947301750065824066
1642668772.470918179 0.39087099095622740430 -0.70249002187074505166 -0.04275181680736053064 0.10432414209932330817 0.35389622168411244418 0.06915772214305074272 0.92687169938505209466
1642668772.637584686 0.39406666854308591841 -0.68956616650279733971 -0.04501590024425710518 0.08541475172762709456 0.36101039582691302199 0.05826966834531507183 0.92681198742955972492
1642668772.770918131 0.39640850341715117011 -0.67870656627780012737 -0.04802717484521778352 0.07291370707880204249 0.36657468393201020351 0.06103173667039912126 0.92551700121562785473
1642668772.870918036 0.39548848501109579168 -0.67470379135512625890 -0.05002393030544338703 0.05893771496193758730 0.36849293247481662572 0.05469019814367359622 0.92614701138543953363
1642668773.070918083 0.39753974175227063670 -0.63871067471105091862 -0.05453239293033566165 0.02678254824385213964 0.36745118527221953819 0.05215620595462167053 0.92819289575606311882
1642668773.270918131 0.39852941517610213085 -0.62355609463433081530 -0.06922837498865001826 -0.00316189854497652811 0.37396431141099939488 0.05164674302205735090 0.92599854758185329295
1642668773.370918036 0.39751344795962684220 -0.60306967795892940654 -0.07679114183021845674 -0.01333886306960750147 0.37789840802488450233 0.05765581285258274125 0.92395382741161702356
1642668773.504251480 0.39786533604317148027 -0.58765542915183099915 -0.08681003381566819443 -0.02592635671032575070 0.38343518531646958447 0.06476038644261203348 0.92092962545292089693
1642668773.570918083 0.40377955768468259956 -0.57708351761187692830 -0.08716262208236116860 -0.03128201234015828142 0.38898891470272961568 0.07247546420271575029 0.91785421883376649976
1642668773.670917988 0.39851306454683582681 -0.56812694511535388742 -0.10543513777136655218 -0.04287553237823916313 0.39690696857119484031 0.06959291961382044200 0.91421188603218861424
1642668773.770918131 0.39754900830210049278 -0.55487018382665442839 -0.11510205647119829686 -0.05421761631261718534 0.40337723133320896318 0.06788662415956928098 0.91089992072869896411
1642668773.870918036 0.39997004392497348402 -0.54506241852643189105 -0.12270905505911151867 -0.06015714193206304211 0.41017235909704036212 0.07201723027210135686 0.90716772024321357115
1642668774.104251385 0.39667358747369652061 -0.52497734140068164077 -0.12458554048273838555 -0.08304165111386375975 0.41379078752670461760 0.07832325087709321454 0.90318698878491210369
1642668774.237584829 0.39826409181763561262 -0.51159197535958256253 -0.12675293846980512091 -0.09858145601147501325 0.41638623847345507256 0.08216047867088359380 0.90008546965560776165
1642668774.437584639 0.39963702814817120279 -0.50439985819351118579 -0.12979186296004591172 -0.09516204315023334137 0.42241595164847500765 0.09441950960807059257 0.89643399396818823632
1642668774.604251385 0.40277072335997310404 -0.50617812210601886846 -0.11548296637172106305 -0.08681013341338233991 0.41487969333154811613 0.10033550602231834648 0.90015089125608083176
1642668774.770918131 0.39235801458885255499 -0.51930391776684969862 -0.11587973292697627270 -0.07909819790043108589 0.40426309915741009959 0.09947701700651415124 0.90576991826624264625
1642668774.870918036 0.39428275765565795608 -0.52972105698891913672 -0.10945616639113765756 -0.06790468711239804056 0.40043658719599339868 0.09217297444626797176 0.90914445270524557596
1642668775.070918083 0.39855893825041821543 -0.55638832572922891639 -0.09855170467187576722 -0.03276688621322065148 0.39871943171201623679 0.08916363703984148126 0.91213978740813850266
1642668775.204251289 0.39772899327985200557 -0.57265714620048635553 -0.10284085949810477245 -0.01809601291715911761 0.39261823100201137526 0.07963455340993930154 0.91606866385907603778
1642668775.404251337 0.38719503507476071835 -0.59818615727769131052 -0.10768258547043209339 0.00553491615040111254 0.37636185490208540205 0.07697573386970132936 0.92325286637686132529
1642668775.537584782 0.39114884915875619553 -0.61823262154005520497 -0.10081360161146098176 0.02353844258276452731 0.37015418444980530133 0.06911940124707265098 0.92609628539710897588
1642668775.670917988 0.38345364260391345823 -0.64557068043692611425 -0.11433010587048750284 0.04308833064553855424 0.36718878346276634383 0.06610434218849714494 0.92679340146827793312
1642668775.870918036 0.38420751641625738859 -0.66495001311768653363 -0.12765592168010092555 0.07743792593969536786 0.37414097565278764401 0.05433363421536827054 0.92253441895502685810
1642668776.070918083 0.37803770645119622040 -0.68879289755710981780 -0.14045826644898570801 0.10543856434194506799 0.37183753637664651581 0.05680390715930556250 0.92053944609793481035
1642668776.270918131 0.37503763542467621894 -0.70587956841374510653 -0.14266771823946139408 0.11529529589711755289 0.36875887137970247975 0.04878856400886628225 0.92105567993727555098
1642668776.970917940 0.28989860885743395924 -0.70861045937909505898 -0.13127373706642864182 0.12430422783854534752 0.36017561936463821093 0.03446777417668617227 0.92392313246290536100
1642668777.204251289 0.24254628407440659288 -0.69763219492610684114 -0.12354523224309192642 0.12308172210986445538 0.34110394569317520341 0.03407333104489182474 0.93130982815952423337
1642668777.304251432 0.22648196117858004905 -0.69130919941460955425 -0.10716461234969680560 0.12282208133539009032 0.33173679818545159792 0.03079199550952661790 0.93483543261830259752
1642668777.404251337 0.21532984384314643456 -0.68155705642880359818 -0.09752453700929385183 0.12526454885863116950 0.31978674149846642027 0.03140994461806513594 0.93864724371838792472
1642668777.704251289 0.19065109471831861998 -0.62236532837491798098 -0.08598863109892884715 0.14618308960351769632 0.28913708062833215484 0.03980192069916155262 0.94522275682949619124
1642668777.904251337 0.18219645587987701174 -0.58216762499401808473 -0.06994118685668392066 0.15311926869365494186 0.27559343962717264276 0.02581862765976905907 0.94864964241544436074
1642668778.337584734 0.16379962886583551707 -0.52003238784840433162 -0.05740687922317853215 0.14678686044154282131 0.27028684469626257370 0.00385909058734949318 0.95151655088374165192
1642668778.670917988 0.14354143523539217298 -0.50186959189805391279 -0.06974406086660168980 0.13986538034420553656 0.27165762748099270274 0.01002565642328363989 0.95212357130041225250
1642668779.070918083 0.13576037066128390784 -0.47774765817965075820 -0.08560832472771479074 0.13655752269172707902 0.27565295672838968644 0.01430091435491181485 0.95140053305209393297
1642668779.537584782 0.12013733611653266975 -0.40219023320856306380 -0.08327399919130647199 0.12329685111489749327 0.28193977349343307681 -0.00602282574896574347 0.95145760609583651668
1642668779.770918131 0.10517574442539329160 -0.35614042528387396258 -0.08052304815685415451 0.11615366579971300731 0.28550954362201558245 -0.02510783537709267502 0.95097961230760030826
1642668780.070918083 0.08844639111945187815 -0.29085171372446949611 -0.06756693530527159430 0.11835545050441427517 0.28318230203188654581 -0.02589883693637126325 0.95138268924611080202
1642668780.404251337 0.08346876444899689607 -0.23905861916899046049 -0.05898248147506365835 0.10797885574037163758 0.27161339207669404905 -0.03327171492411737375 0.95575086970590850122
1642668780.537584782 0.08916712696339795796 -0.23057334278065552691 -0.05614138503332628122 0.10526909503821947622 0.26271293509613541373 -0.02618275636701048945 0.95875690069591357201
1642668780.670917988 0.10371669753847984063 -0.21704315567691215283 -0.05552700802664930352 0.09950266741896474088 0.25554195378144334283 -0.03310647129799782623 0.96109390310846753991
1642668780.870918036 0.13601797680030910942 -0.20610075367073388275 -0.05017641987325177633 0.10687817573878187483 0.24728452075672024968 -0.03752986439665195045 0.96229877409421971102
1642668781.070918083 0.16554255782427357291 -0.19948001852964447611 -0.05692879751978414254 0.11712788737014208362 0.24348754177190937154 -0.03132781486340874971 0.96229592278984743547
1642668781.570918083 0.23149501263416299990 -0.16686067401800419585 -0.06546567964478011703 0.11964366700250093911 0.25205969674390893420 -0.02799443038188772007 0.95987895804166734059
1642668781.770917892 0.27298340588395381134 -0.14438901259383360443 -0.06826641597581288579 0.11325997858749027591 0.26973779027928557195 -0.03140594841986735219 0.95573394213528795049
1642668781.937584639 0.30220044683890523451 -0.13201584990696901833 -0.07856995194230755042 0.10710661703643681308 0.28276193337316374299 -0.03083361789182763671 0.95269257876283541808
1642668782.070918083 0.32499850194615953480 -0.12071328807105122238 -0.08240354499117250042 0.09946444056069858597 0.29385344362494375536 -0.02736279065858376880 0.95026746572798315160
1642668782.237584591 0.35275142810478871125 -0.10798033812368146300 -0.09449264521052889998 0.08876716488605437827 0.31160953187022311095 -0.02586047947202807853 0.94570139351022919350
1642668782.404251337 0.38049974552092208357 -0.09973318998349567366 -0.10596219480537123758 0.08643840011377608434 0.32976146643899439947 -0.02026749168548613866 0.93988031526282822536
1642668782.604251385 0.39528673671738140394 -0.07947923975867073054 -0.11886483437970971067 0.08161118447752779836 0.34728597753357426381 -0.00793316851585505051 0.93416761301921813487
1642668782.804251432 0.41040648991898415199 -0.06541829752221225980 -0.12663158400585439178 0.07413250190060918787 0.36103898467053707755 0.00334770501562684907 0.92959346844798362852
1642668783.037584543 0.42190914341390656217 -0.04175902862283031869 -0.13095257889726560907 0.06628883308531456631 0.36896733613887222614 0.02933275789368551892 0.92661129109520468106
1642668783.137584686 0.42319603181054515906 -0.03087668312802135939 -0.13417779435848589675 0.05986279740316491349 0.37137706177256268880 0.04088658219387406034 0.92564777905677997349
1642668783.270917892 0.42659596221456208553 -0.00677299695331162049 -0.13254613566967460292 0.04818608187906026075 0.37482374460774975367 0.05453775652802610174 0.92423530288788402487
1642668783.470917940 0.43154079705580300486 0.00709781269037215376 -0.13085739237514495970 0.03889990247422553393 0.37604225596120116615 0.07938701684240311029 0.92237558558104204565
1642668783.670917988 0.42984449195445256775 0.01769320977082332672 -0.12464247490938934471 0.03233062567804060455 0.37351866820924389812 0.09059025458537166287 0.92262231759079871285
1642668783.770917892 0.42600661775340842308 0.01900260341365037770 -0.11919466710833043210 0.03023714075892112996 0.36863013680415057660 0.10111077080874172895 0.92356599633428504426
1642668784.004251242 0.41902218078031616688 0.02846226461199640248 -0.10358097447880733333 0.01702462190311171755 0.35094632262135083689 0.10808318825322162093 0.92998111018698947916
1642668784.404251337 0.39607825510239846878 0.02705059714897382547 -0.06610373562377663825 -0.00434593131511383252 0.30464147338937519471 0.10377823146034038937 0.94678654629600589310
1642668784.504251242 0.38874089218928292722 0.02861241813713535226 -0.05260137590011139397 -0.01126405798693670343 0.28929722114392369958 0.09449792581079229092 0.95249691907823441639
1642668784.604251385 0.37979762481404766294 0.02766043964421276841 -0.03716333961824980908 -0.01537522060477892506 0.27389152807299105286 0.08721406219030179707 0.95767465289494979608
1642668784.670917988 0.37156305672628875403 0.02516555934121347815 -0.02780292731072316406 -0.01713857155050680162 0.26422479267442200435 0.08470497977645612131 0.96058138369553935920
1642668784.804251194 0.35860799475514437695 0.01974169735944595466 -0.00860456721904669618 -0.02044459278093158777 0.24494228060407441383 0.06993189177602061879 0.96679616688892788812
1642668784.937584639 0.34780818058649731750 0.01383568476801716636 0.00069754928604695619 -0.01696110191071520737 0.23645467626701194286 0.05564212677983287891 0.96989971688873788391
1642668785.070918083 0.34819264040443587138 -0.00309464229314083050 0.02793564215526012084 -0.00790851307698881879 0.23567705817094911080 0.04294908393965843341 0.97084970817400073617
1642668785.270917892 0.35068013283802379476 -0.03060265516287968487 0.05166030527745806705 0.01036367420331155489 0.22538904912551860349 0.01885396439207759345 0.97403126172520992920
1642668785.437584639 0.33545915034297085766 -0.05882201207491606632 0.04946110675766740572 0.02725244411258277016 0.20857663204226506437 -0.00035573492317247279 0.97762618945508028556
1642668785.570918083 0.32588102247443545556 -0.08025873393755171559 0.05606608351356578979 0.03582029986732759158 0.19981424428162403162 -0.02125369419076289859 0.97894813671758107443
1642668785.670917988 0.32150154004515774098 -0.09297483474082730848 0.06285333011908288137 0.03884988540154613729 0.19918896532180249692 -0.04047204386912151008 0.97835395239318800886
1642668785.770917892 0.31689068462760555667 -0.10798827682375729264 0.06347202428513887273 0.04072139168679331234 0.20187818205384178150 -0.06444157062497413158 0.97643957920862323174
1642668785.870918036 0.31476111096707576342 -0.12124075361105611515 0.06428667405109481092 0.04408397620773035069 0.20419249872231742815 -0.08524541387747329446 0.97421519487231922341
1642668786.037584543 0.31088136802600602193 -0.14505127624946717591 0.06370251082780757634 0.05659865729870947049 0.20570008976494247310 -0.10606363354065720395 0.97120264142084744563
1642668786.104251385 0.30892136239556750033 -0.15513768514752809824 0.06317715331650357313 0.06163389844019234731 0.20619287254899060224 -0.11575392249086209617 0.96968386152448637905
1642668786.204251289 0.30802387433020034235 -0.16921281234339968780 0.06089496408532171084 0.06875338993697201195 0.20905470736210343685 -0.13129739236048823536 0.96660751883132789430
1642668786.304251194 0.30750818758565368061 -0.18271146986658798328 0.05844392698882022730 0.07688882342237395029 0.21335010642100080136 -0.14303192826640837021 0.96338554505414064622
1642668786.470917940 0.30853936238317780649 -0.20314641255648391294 0.04867349628594749150 0.09137951711798829313 0.21976072159536466644 -0.16025251176885693671 0.95795309987855892242
1642668786.704251289 0.30992591558357279746 -0.22328196711257614071 0.02750879804250997221 0.11179532540958353470 0.22270156196552970407 -0.17142516255718032170 0.95316275271168826588
1642668787.004251242 0.30413423069324962977 -0.23085036570702208159 0.00689510599459715063 0.12247533081498480911 0.22156564418323451693 -0.18030126482431099721 0.95047352017937980495
1642668787.270917892 0.30059067091516744608 -0.22816300768374228602 -0.01084220124259302129 0.13081878694439327826 0.22870409053090851037 -0.18122945713911381427 0.94748971911144741487
1642668787.470917940 0.29985803941639388448 -0.22430675617672649058 -0.02958569459013724728 0.14112523216651040592 0.23800600113095068955 -0.18035476570924582895 0.94387974380085382098
1642668787.604251385 0.30120100573647573539 -0.22281068340300572150 -0.04215425842149748970 0.14672742907812263979 0.24658512042570313039 -0.17683104959838208403 0.94148691963229125257
1642668787.870918036 0.31529391142562601669 -0.21456164854616899262 -0.06828834670148115071 0.15499419654588414419 0.26898249697307768935 -0.16779823357747533641 0.93566498714417178917
1642668787.937584639 0.32081775239778081987 -0.21101356657010961193 -0.07607084226584973075 0.15673525971426668923 0.27544861807051257419 -0.16263325761518795942 0.93440491259561464510
1642668788.137584686 0.34183495251204654153 -0.19825816318274061545 -0.09355023806086985860 0.15504312530733371789 0.29468252486205104290 -0.15010008930228302404 0.93091020083964470810
1642668788.270917892 0.35865713612994287729 -0.18741246047656584528 -0.10553708086004424949 0.15083955415345595696 0.30685638852108693131 -0.14163090202802611217 0.92899261208973571424
1642668788.537584543 0.39952346703229829616 -0.16269169986667628147 -0.12280461674190384924 0.14011290236746853921 0.32846782889699044361 -0.12707044274316914301 0.92538119850735922611
1642668788.637584686 0.41334761317474211229 -0.15179510484129360437 -0.12765511320018085861 0.13631832582999334202 0.33413565695542235545 -0.11751433839778557822 0.92518163463441427385
1642668788.937584639 0.44326043078314314450 -0.12980656511063351499 -0.13392784819939321239 0.12759627653541061321 0.34503648506689849063 -0.08163028536790065126 0.92628586877795671128
1642668789.004251242 0.44809573202812585935 -0.12733096146097055978 -0.13428685763660586083 0.12560614861706148604 0.34295384213089552539 -0.07089657660671397355 0.92821303213362271745
1642668789.137584686 0.45809682616976110658 -0.11843938964056172081 -0.12931281173821274066 0.11882877346737424906 0.33787405269207171354 -0.05779935180245454607 0.93186913354016109867
1642668789.204251289 0.46244066159079677547 -0.11580624202728483085 -0.12411158423755330737 0.11675601243090943937 0.33242376170202475594 -0.05110754872407433785 0.93447872885396654485
1642668789.270917892 0.46664277808183907137 -0.11571697342349501758 -0.12141206145076820222 0.11493481076013567499 0.32584781357622499831 -0.04049397178033410649 0.93753582860207484995
1642668789.337584496 0.47286891205234099500 -0.11550231274747148336 -0.11700519564431813291 0.11102412752748035130 0.32059531751108449882 -0.03297869812056276884 0.94010887186910518931
1642668789.504251242 0.48157765121310003309 -0.11527246261352856738 -0.10989656216764406849 0.10321497734566614790 0.30925633783100825447 -0.04147803889722358889 0.94445050598330848590
1642668789.604251146 0.49177186918405046967 -0.11688546453742934550 -0.10205145562000340898 0.10857360316229894281 0.30104147185492646788 -0.03348735316586446548 0.94681804064863472892
1642668789.770917892 0.50971010893677304310 -0.12322101984996358670 -0.09224541382248448163 0.11184878869528563916 0.28981018194638413776 -0.03535956599427377695 0.94986820559501705663
1642668790.004251242 0.53293834722108279767 -0.12931018526472407015 -0.07690918508072783211 0.10712170601154130667 0.28229314260431898065 -0.04636134592976966923 0.95220068648543554346
1642668790.170917988 0.54570782463011746621 -0.14180944606076503756 -0.06302649361465194333 0.09922610586597652160 0.27739638238459307651 -0.05479635478325159403 0.95404548448021220253
1642668790.570917845 0.56907581577585075738 -0.16556548536503687408 -0.00907911409235348174 0.07880241674953974984 0.26582548867282873584 -0.04906740324919885848 0.95954123341556518678
1642668790.670917988 0.57556504290869159313 -0.17116371821315362611 0.00017291095853890414 0.07247512707294695433 0.26130603874598273828 -0.05840400406619013912 0.96075776467311446716
1642668790.770917892 0.57831966538871970585 -0.16938973749465444096 0.01243860315061587687 0.06666239438032599274 0.25507709463321415200 -0.06042484043521116621 0.96272563050296910969
1642668791.270917892 0.58520558547753753764 -0.16485826029277561577 0.03059187202791668544 0.02258459194661610256 0.27720072488026437085 -0.06562281286152310544 0.95830232221601252540
1642668791.337584496 0.59717907602968034464 -0.15630893963987876893 0.03233003200440666414 0.01337708562241643299 0.28712712499888476403 -0.07180610927972208568 0.95510363329862479898
1642668791.470917940 0.60581347754744074852 -0.13763057256154262453 0.02204365346685288607 -0.00485412104725532322 0.30273375138140623530 -0.07480703408954406108 0.95012242418233938679
1642668791.604251146 0.61763812602941436936 -0.11972980085610834822 0.01473218224681484279 -0.01164329322177134682 0.31164288899944619926 -0.06092075599109121609 0.94817287714240416907
1642668791.704251289 0.63111836221273232006 -0.10589779575046448512 0.01148184728056464085 -0.01133742665605919249 0.31535901009879824253 -0.05111494699051073731 0.94752700209570905887
1642668791.770917892 0.63433204280882826698 -0.10042319610641024796 0.00752951714069918440 -0.00924242247061056281 0.31612937737099100488 -0.04286572328225474876 0.94770212839129652771
1642668791.904251337 0.64706376848900848398 -0.09191313919012104872 0.00241495567634281757 -0.00155939179647690616 0.31581487727716545111 -0.02308465272476295516 0.94853868154978848715
1642668791.970917940 0.65261218035545420779 -0.08577032670559327221 -0.00389135089495780233 0.00281526646558986123 0.31560282410452111801 -0.01528190942705489989 0.94876414083598337168
1642668792.070917845 0.66256910029156201869 -0.08380279523315015133 -0.01282902956108073443 0.01014573843751957749 0.31669341754439606085 -0.00336449525979356416 0.94846772398814660487
1642668792.204251289 0.67910607704038272736 -0.08519987345475747709 -0.02648430864296678205 0.02167513691319897587 0.32306357009035824301 0.00470752850458258220 0.94611730630807344689
1642668792.404251337 0.69964774666877882492 -0.08139791180619151967 -0.04600345516952442787 0.03670832697808597278 0.33448763445421514362 0.00507099887150264193 0.94167128346262019001
1642668792.570917845 0.70869578300092372913 -0.08394746216210731415 -0.06080234121578449030 0.04530216192478807302 0.33931548757303026109 0.00716018539328976047 0.93955385463694984782
1642668792.870917797 0.70372862780324108023 -0.07382347563564709003 -0.07882435979827313866 0.03672637140039190784 0.33295951970684833920 -0.00640610034714173514 0.94220384936524625985
1642668793.070917845 0.69388690980212774928 -0.07204476889809124929 -0.08141352963957615430 0.03627653353463966557 0.32460101162841953348 0.00406726598377083262 0.94514636629039316951
1642668793.270917892 0.68662962117323356193 -0.07139984623924902629 -0.08222173069465731066 0.04064826836716497332 0.31589050295985926509 0.01052615721394593341 0.94786608148663353823
1642668793.437584639 0.68183799836375214021 -0.07326574250208600647 -0.07885361807421539804 0.04354786613887580426 0.30620434962354481367 0.00917356333102598703 0.95092498408769554619
1642668793.570917845 0.67933220044292719209 -0.07194579032110010042 -0.07073981151720659666 0.04125861004986879077 0.29671365458090170897 0.00297208670086271734 0.95407017613100175701
1642668793.670917988 0.67654280038378167283 -0.07178583548390872482 -0.06534302710245959434 0.04088774104505562418 0.28621618136196685933 0.00026764329964488293 0.95729223256321804847
1642668793.870917797 0.67469357758053749574 -0.07272974605792213720 -0.05333604713298701477 0.04318090776973584205 0.26168933299748869947 -0.01283465531132629497 0.96410029240870498413
1642668793.970917940 0.67782441363776724241 -0.08028457402961169942 -0.04288174183428824365 0.04983292496050174825 0.25506659171429268973 -0.00374962760192576548 0.96563122032895254421
1642668794.170917988 0.68910213417497401256 -0.09275963621917551749 -0.02294509377016760651 0.05517293354522573995 0.24684789796213454927 -0.01593332220726956933 0.96735112132003497898
1642668794.470917940 0.69073216682253379961 -0.11653413889695071748 -0.00021312920405669938 0.04549006407080771752 0.24045930831150114093 -0.04925486361130967938 0.96834081475884281609
1642668794.670917988 0.67738000520020902329 -0.13660743926594320907 0.01080331387635674427 0.04658104930628752943 0.23257837596254765655 -0.06199390183667358861 0.96948143923192975357
1642668794.804251194 0.66322092847903413304 -0.15028748325067356473 0.01066365687402042427 0.04726951739466163371 0.22401210260191162238 -0.09881972702031364963 0.96841046677778996887
1642668795.137584448 0.63071720432242750487 -0.18085564297837031233 -0.01026272354126240779 0.07847718054822366840 0.20824192368899832606 -0.11922380366634020843 0.96760648922526182325
1642668795.270917892 0.62267935533673368642 -0.18639478392168129517 -0.02946808312510401998 0.09303228180412143056 0.20781632987917225686 -0.10633381404691226446 0.96791037166057181107
1642668795.404251099 0.62145590293997332587 -0.18219167697644200743 -0.05127903909889010292 0.10168522671938622082 0.21411064552463326960 -0.11663450364279726035 0.96447557703658326478
1642668795.604251146 0.63360640796959222243 -0.17701119325487746359 -0.07547827342635606007 0.11172068706552462647 0.23060999687104735689 -0.11405707509344789607 0.95985858387882860843
1642668795.670917749 0.64101902725418113960 -0.17459465043821337238 -0.08082494417849349355 0.11432670242872570998 0.23988374399209799748 -0.11166631755805320192 0.95755721917968494861
1642668795.970917940 0.67217958005645195296 -0.16265804138902989484 -0.11536147144715465374 0.12567477920427183591 0.27277620926139201085 -0.07661297201483711905 0.95075204025655213336
1642668796.070917845 0.68471392035505129758 -0.15388977738641829163 -0.12651566068871858417 0.11748897247082583373 0.28384593455199486067 -0.07833331028939639895 0.94841537275877141333
1642668796.170917749 0.70034176358059008205 -0.14556231247558015784 -0.13913371604536955983 0.11339915424987674630 0.29515592574752252952 -0.06652359345597308460 0.94636051419384570327
1642668796.270917892 0.71851661086310125715 -0.14005113379443798194 -0.15014573801892308613 0.11035762062100772096 0.30334926117754534847 -0.05454881231911318934 0.94489409374198196634
1642668796.570917845 0.77271634564367330800 -0.12308616689436331637 -0.17815284304668171922 0.10348047446368625890 0.30461158089751078082 -0.04345380991779151242 0.94584107681550710911
1642668796.704251289 0.79783509793898088613 -0.12397321282230275297 -0.19197242066658581905 0.11306099874720956788 0.29891246068366100763 -0.02658491399086260892 0.94718625082843166396
1642668796.870917797 0.82680142070907680640 -0.11928611123914789616 -0.20577381180537021588 0.11550878887629720260 0.28906110363540582497 -0.02620580748282923950 0.94995507983882332415
1642668797.170917749 0.88397216875160156135 -0.10928342889534255200 -0.22123542281707961332 0.11204573042209302336 0.29051048965760500886 -0.02108583367779219564 0.95005515487848946066
1642668797.270917892 0.90632196855260305224 -0.10718982109253021029 -0.22488008850530619154 0.11738384711799597360 0.29215741282611340512 -0.01196675065441161513 0.94906368355622261479
1642668797.570917845 0.96197677370299983224 -0.10709412853317380743 -0.23580116159295211320 0.11123847451435657507 0.30515514404167964901 -0.00913496442472054235 0.94573933632771123303
1642668797.670917749 0.97222426178714338452 -0.10279872547262566829 -0.24249507075893839136 0.10242491077619443607 0.31847034050914729830 -0.01257805726983493924 0.94229908858270317040
1642668797.770917892 0.97278334838957758457 -0.09812375502618006506 -0.25377720136084358504 0.08958081418716141997 0.33014603110735507574 -0.01855554898017390889 0.93948633171306483725
1642668797.937584400 0.97554937213969172838 -0.07778429909000396381 -0.27537033669216709475 0.07202597421343706618 0.34552331556984888783 -0.00859501829777008057 0.93560249203210488211
1642668798.037584543 0.96762803500984817529 -0.06965447104449477844 -0.28765539531530448514 0.06393242994023730363 0.35367541928251089445 -0.00287392647146040041 0.93317634064731491694
1642668798.204251289 0.95391007803207361615 -0.05285658781436709114 -0.30418964368488815575 0.05039034940627249576 0.36798994732593304224 -0.00842232452209337040 0.92842515896727795255
1642668798.304251194 0.94221572110799667321 -0.04469451705161144039 -0.30814723714399078203 0.04391457711588962753 0.37543437720897421261 -0.00320340513091386340 0.92580250405905117894
1642668798.470917940 0.91445153145819535467 -0.03494537596631847043 -0.30281023374490279032 0.02561873538305806108 0.38400733053850832910 -0.01165755411348002799 0.92290094372156372682
1642668798.737584591 0.87137884516692099002 -0.03264680557892228607 -0.27039342518553372008 0.01502400752448997297 0.36913208992623763871 -0.01614223539940529140 0.92911528220178485338
1642668798.837584496 0.86429104634885123293 -0.03013354850255161102 -0.24984719513373934707 0.01181939030181605038 0.35763817505196587865 -0.02400700535565779281 0.93347678142107326504
1642668798.937584400 0.85419397592558865551 -0.03208756787462167803 -0.23560393371133475648 0.00423764891569615443 0.34533531127622685286 -0.03659138453589143997 0.93775617070492545135
1642668799.070917845 0.84422469015847201312 -0.02487968972688282127 -0.21772298817653659708 -0.00789407346070762107 0.33081983524447539091 -0.04903811455195181829 0.94238589947759976440
1642668799.204251051 0.83533336353617704262 -0.01855753015748718912 -0.19902983479600552807 -0.01672910822641809209 0.31455565821032505092 -0.05665715734406636533 0.94739898741106298719
1642668799.270917892 0.83021885917088389384 -0.01669110451316921720 -0.19049308344060619791 -0.01941655299422756498 0.30358411796420337048 -0.05997078159804247049 0.95071719567084667091
1642668799.370917797 0.82237327523323910938 -0.01877287116770253242 -0.17582441107263518942 -0.02105971820787074303 0.28652206792791734546 -0.06210273597470702955 0.95582678506294793674
1642668799.470917940 0.81572049692822867772 -0.02438345423311910273 -0.15905580202923269573 -0.01986374384294834622 0.27000818135455051383 -0.06880076126593709374 0.96019137099402085411
1642668799.670917749 0.80429080480474790527 -0.04325308367084260142 -0.12399341702672456167 -0.01107717529804897252 0.24251786278621859094 -0.08307200252460157641 0.96652026611632613218
1642668799.770917892 0.79874894077435154571 -0.05497588058934362726 -0.11043316263764507701 -0.00823226785268228040 0.23315240063201675413 -0.08825229017688847322 0.96839233842697425292
1642668799.937584400 0.79048746936594338486 -0.06848517074903946733 -0.09765116729420481034 -0.01755115946644609376 0.21064760063073120766 -0.12625174118314469451 0.96921620033825461871
1642668800.004251242 0.78684542105207033735 -0.07421095676366343263 -0.09349036444132105550 -0.02364883067832804914 0.20135803476584940297 -0.13208068475585421631 0.97028365304028874050
1642668800.237584591 0.78283845770382798346 -0.10076109248131388807 -0.08068944637066446934 -0.04003849054069944652 0.18493655487089946665 -0.14038563582206289859 0.97184734562715158201
1642668800.370917797 0.78449425397148220274 -0.12051797642760815610 -0.08174190695099835258 -0.03803863813755713891 0.18175239399689827047 -0.15679805127747378779 0.97001726809403909790
1642668800.470917702 0.78872008229556189729 -0.13884855304989865421 -0.08249100201523222597 -0.02939029273608185361 0.18422012421616915101 -0.16689345785854328708 0.96816616871830707414
1642668800.604251146 0.79764873672445613106 -0.16747115933903716778 -0.08825475274475801102 -0.00966153885089829530 0.19237845038435613665 -0.18251739290222557255 0.96414967084105829276
1642668800.670917749 0.80311813492931960479 -0.18201825125561066354 -0.09403899627063251609 0.00195509058059492070 0.19529411753084732761 -0.19291460210854741164 0.96158220739153132950
1642668800.804251194 0.81335594711499392684 -0.21031147025615598567 -0.10784218858020551413 0.02671372668305019987 0.20436091913738238524 -0.21797455645561847337 0.95394448699806633218
1642668800.870917797 0.81942908899590671812 -0.22376620276319822422 -0.11600592993697909916 0.03795759998175382566 0.21092665848165281783 -0.22635506057183646389 0.95017501119473224414
1642668801.037584543 0.83978370954688386085 -0.26005172528315190217 -0.13790232618012052135 0.06551501968910648788 0.23348821817687062663 -0.24409752348299609825 0.93893952584668316508
1642668801.170917749 0.85906586413194330198 -0.29113535523563177643 -0.15637185645177495430 0.09297511016232583303 0.25460094557550633221 -0.26018717512020578253 0.92673438552010622971
1642668801.270917892 0.87032992561921462826 -0.31440997694255384820 -0.17421725740458457454 0.11177490979835751073 0.26712908530439022359 -0.27493853136397278236 0.91681907991458744256
1642668801.370917797 0.87871424337145920269 -0.33227859995364567025 -0.19394482110360070082 0.12959987557122862323 0.27826103660660900241 -0.28077853793500817670 0.90936135853334820744
1642668801.637584448 0.88771495465199201647 -0.35196374635185984081 -0.23923556030111556292 0.15198179695834815317 0.29718547763631303349 -0.28467369654720736660 0.89863408113065490479
1642668801.870917797 0.89781316794945198456 -0.33848917811849860149 -0.27007987254497767271 0.14052391464221106188 0.31548762207288755244 -0.28392824009985351275 0.89448607826294501688
1642668801.937584400 0.90055149976795667577 -0.33059788904821851840 -0.27794847442316722441 0.13487791685507552475 0.31958777283431577532 -0.27789041844693285199 0.89579490863423960612
1642668802.004251242 0.90422019393080865779 -0.32230892959966128686 -0.28574358384076292694 0.13060381975201071358 0.32455498206892324786 -0.27177016911554852108 0.89651976055150695011
1642668802.137584448 0.91244535055471098772 -0.30371936138560678975 -0.30129834787116538397 0.12470241696857656266 0.33517192769265147234 -0.26039778555466641663 0.89682890194686148977
1642668802.237584352 0.91845666239340839621 -0.28856762496466276113 -0.31217442678340229234 0.12326206635911363119 0.34268020364861850879 -0.24422678987438814491 0.89873801306714196091
1642668802.337584496 0.92597272945965791724 -0.27236401582450958658 -0.32419440872981858393 0.12295794477490007424 0.34933675809280800850 -0.22530916907192122256 0.90115534265411745274
1642668802.437584400 0.93572341870191111379 -0.25561002756317224849 -0.33558261878208822671 0.12060300172609671188 0.35876482331329301312 -0.20848464600039964822 0.90181864579843595831
1642668802.537584543 0.94637637501767679638 -0.23817929908709176146 -0.34598658526915432310 0.11580054504180428698 0.36855457367007127267 -0.19285626097106969845 0.90197795017347937030
1642668802.737584352 0.96419905662817761982 -0.20123269286657374799 -0.36438355041080389141 0.10938558202541638631 0.38347104872213810811 -0.14783756197314654179 0.90505734873915066885
1642668802.770917892 0.96583204041883274904 -0.19360095026841694921 -0.36678090854538325516 0.10791820050544881360 0.38470822902877682692 -0.13950816623984704790 0.90603019379577143244
1642668802.937584400 0.97302733681691766510 -0.15341441510553482930 -0.37510259712525145792 0.09479453655079417285 0.38886335495670915074 -0.09064411787210767402 0.91191169030072205537
1642668803.037584543 0.97665332885075406555 -0.12593813837089831709 -0.37586761662305878673 0.08034700645506755168 0.39155050868158164379 -0.06733681952617878719 0.91416536274407311780
1642668803.104251146 0.97856039201165756491 -0.10679171443835556998 -0.37608429347150595934 0.06839526338582180287 0.39389313205762910286 -0.05274605876142406807 0.91508914415446518387
1642668803.237584352 0.98468518479443367664 -0.07284186013500332235 -0.37739391471246164222 0.05317435295190468120 0.40061674932897672896 -0.02087100470757407428 0.91446329041013263428
1642668803.404251099 0.98868301003164493768 -0.03767322025515573714 -0.37385161221315710289 0.04340377627053380177 0.40345068779557519134 0.00746980000849845494 0.91394083879131249315
1642668803.470917702 0.98839117917833019256 -0.02705544786078619909 -0.36925569823428738836 0.03973595323087633635 0.40349793480739004625 0.01959784017596425190 0.91390721371889949154
1642668803.570917845 0.98299269672238509532 -0.01396138414455674187 -0.36184033202942694762 0.03374223979545707547 0.40122116367742044485 0.02833027681036018666 0.91492099904132206944
1642668803.670917749 0.97236077284218080941 -0.00597555935191586805 -0.35604021716187761459 0.03115561672828899217 0.39701782390981116277 0.03862957602842546218 0.91646818324482060003
1642668803.770917892 0.96039996743901023812 0.00376052089451951775 -0.34934371876896130882 0.02657304098070856907 0.39281686673098809015 0.05508891156004524364 0.91758051119660133388
1642668803.870917797 0.95722073944310726024 0.02064484395859267699 -0.33430480936784739976 0.01528794390533196046 0.38855388653999017867 0.06577750567466615628 0.91894802669848263399
1642668804.004251003 0.93681011449412165959 0.03550181912278773527 -0.33097588216680723372 -0.00261321988757784712 0.38179670849757907369 0.07527153092871735618 0.92117242744986727043
1642668804.170917749 0.91562293255034543638 0.05596898312174145018 -0.32319261009536431883 -0.02124183365374237784 0.37142221142777270826 0.08952478930557375425 0.92389373710450173327
1642668804.270917892 0.90323302977734687413 0.07604680911321075321 -0.31559236388894995606 -0.03544024838603402477 0.36197902411219762264 0.09477233387237750384 0.92667868197639025052
1642668804.437584400 0.87904211873889825934 0.09788809000623677203 -0.31599890676689879054 -0.05417200644126055065 0.35398339405118522949 0.11079258122086278748 0.92708476117372884406
1642668804.570917845 0.86458193166873498203 0.11142119361153683677 -0.31980802098106880793 -0.06024684983100207780 0.35541218790117556914 0.11966068147137623456 0.92505881709572712612
1642668804.737584352 0.85047499043676344499 0.11930049531407312113 -0.32689602314063531674 -0.05895774091125632194 0.36349316110903823196 0.12331860014802040193 0.92151463877202333119
1642668804.870917797 0.84138811423188308858 0.11552741196743708529 -0.33428086694732234152 -0.05607574471381689823 0.36913071675841790942 0.12285501603171680718 0.91951327877092348118
1642668805.037584543 0.83510892916581613843 0.10337535509588094418 -0.34306016601515759712 -0.04734677385123260696 0.38099269409129288277 0.10624467970181399046 0.91723220510947922612
1642668805.104251146 0.83415434437739077733 0.09765909416889909100 -0.34571772516136917153 -0.04497849154245860126 0.38467771510092407805 0.09862897507861659308 0.91666368755298621718
1642668805.204251051 0.83305691106825807690 0.08987559892984305077 -0.34901387799530553258 -0.04364836831346434465 0.38957441355891253565 0.08767116126287391453 0.91577309620157587577
1642668805.404251099 0.83869257089038795616 0.07298323235957950017 -0.35663337678856316115 -0.04433333530287068835 0.39985618380625842505 0.06320099100388613944 0.91332098540926209829
1642668805.470917702 0.84158752329766661759 0.06787908348094008615 -0.35924091972806176942 -0.04420019523310279169 0.40357576135086303815 0.05502235611898559364 0.91222008743424543020
1642668805.570917845 0.84512635965756122136 0.05875172988987965861 -0.36264376998768521609 -0.04072134140780619971 0.40818449269686130076 0.04127707582859660440 0.91105619765566336898
1642668805.670917749 0.84868477970961053725 0.04768144940082614386 -0.36510817266046208251 -0.03541428156468463817 0.41267692878017819824 0.02762245626032211118 0.90976952082599671368
1642668806.004251003 0.86651054149806927551 0.00631625577789858561 -0.36747647429393232033 -0.00878467332783493086 0.42287396511957653367 -0.01605932334139652598 0.90600360775903476807
1642668806.070917845 0.86924852652491590987 -0.00208448594487074639 -0.36807527785711624535 -0.00454093040995378044 0.42414258864392806458 -0.02641639719617050810 0.90519866239882051939
1642668806.137584448 0.87215203494935333861 -0.01182649944456675914 -0.36850832951219975042 -0.00041152473968165016 0.42510795137832108059 -0.03493311394617516080 0.90446820722031973094
1642668806.370917797 0.87670740748696829314 -0.04401227596614381427 -0.37063458759997769398 0.01770709212542153840 0.42750491688012687286 -0.05878703194438592711 0.90192576734837071051
1642668806.570917845 0.87932172324451118861 -0.06860939289421129350 -0.37076038776541381248 0.03287918061828305066 0.43355924765145181787 -0.07713464444717436919 0.89721546179487199346
1642668806.670917749 0.88145698123730398255 -0.08333985174758766490 -0.37590177331487917289 0.04031938070636920113 0.43667371654646547352 -0.08571417693109673053 0.89461918864395961748
1642668806.804251194 0.88354180696269835060 -0.10285735134490278653 -0.37378685945753903352 0.04691283430003192340 0.43983355672385415769 -0.10005633417643383654 0.89125437353695813325
1642668806.937584400 0.87808962431188608555 -0.10949518577123322494 -0.37098076707248506256 0.05587877852435409881 0.43681583615303959389 -0.11291296291950037034 0.89068521386699051057
1642668807.104251146 0.88474498019390046544 -0.12915123791344262916 -0.36475553805397487039 0.06950020871629943031 0.43200931262935410304 -0.12290421529621550767 0.89074812862690055937
1642668807.270917654 0.88867293852243134378 -0.14843478677529908794 -0.36054117765937621076 0.07986498294349976546 0.42937049562137624692 -0.13480484987001309372 0.88943252382674387047
1642668807.404251099 0.89042563475293734498 -0.16101071402836913959 -0.35429224464999281574 0.08636519400565256799 0.42488858755711261805 -0.14549087799519774822 0.88929362184166949046
1642668807.537584305 0.89120405394102797381 -0.16686188140715849104 -0.34197542993814916690 0.09082598607591839401 0.41694642787886082580 -0.15221705761030737691 0.89147982809756010081
1642668807.870917797 0.88953347002199778526 -0.17833526387222778387 -0.31529329288628443750 0.09607066319943083355 0.38504242371710739601 -0.16117686368631806149 0.90362313949052852635
1642668808.004251003 0.88468002245322552302 -0.17662022460042969829 -0.30248276260850315289 0.09638712449669195603 0.36954101537005634714 -0.16257324344132020877 0.90979058068738893894
1642668808.070917845 0.88155316481291623454 -0.17456848008717198995 -0.29564997264341619232 0.09393670013175893507 0.36208148528639727548 -0.16370993231277530811 0.91283730885810043798
1642668808.270917654 0.87596583481599588072 -0.16694065402212907023 -0.27472858617231277201 0.07962025800638762585 0.34307128932710090341 -0.17182362628480662980 0.92002138366712760131
1642668808.404251099 0.87160242134455956364 -0.15696296238085782893 -0.26198338763093337311 0.06713109543346061636 0.32973003381605869855 -0.17306223396883813059 0.92564625208514705879
1642668808.470917702 0.86660123478076533932 -0.15022994809236570046 -0.25316987392776824084 0.05934517515925252090 0.32205978382676148097 -0.16951719669861387008 0.92952652778187061511
1642668808.570917845 0.86194414066712521372 -0.13705917830741334851 -0.24359876459615834032 0.04421192921426762151 0.31200392740689619764 -0.16324853434798580754 0.93490575494595140604
1642668808.670917749 0.85688766627206880422 -0.11876713135569913482 -0.23846905500976905978 0.02521873787471692191 0.30323988785676875279 -0.15946092964925082103 0.93913885958787657326
1642668808.770917654 0.85378179943117082917 -0.09925956210801271939 -0.22506588389946791118 0.00856097662893126783 0.29573950845971619383 -0.15223524129626445078 0.94302135931411046332
1642668808.937584400 0.84138842405458380558 -0.06869808673308339109 -0.21732466339507366948 -0.01338136530045055429 0.28528535742873878389 -0.11967057624512449088 0.95084812513913730125
1642668809.104251146 0.83540555684929518332 -0.03703010068618881739 -0.20879316147340498677 -0.02825912419715612481 0.28114996691656513050 -0.09275020254308445622 0.95475311883787050693
1642668809.170917749 0.83112065293636816499 -0.02694419799608728169 -0.20729697169808206092 -0.02950227148919540993 0.28098830978154143434 -0.08296508723182134670 0.95566311011972548961
1642668809.304250956 0.82741253231632816423 -0.01024605411388077730 -0.19403136151524705277 -0.02637559055462330992 0.28122685611917952464 -0.06339031010530800370 0.95718203713033089830
1642668809.404251099 0.81694156706323450834 -0.00859607745797584880 -0.18969460303659169131 -0.02248440859188485103 0.28054730276658285115 -0.05284695856677242704 0.95812048368193769576
1642668809.570917606 0.80668056909165242185 0.00369254166358524245 -0.18319147988805642435 -0.02063254739664949558 0.28038100789338976648 -0.04200738343081100029 0.95874718676922798810
1642668809.870917797 0.78111209432986139500 0.01813517970581205591 -0.16435499873216244393 -0.02806835356878085996 0.27321551414081740594 -0.02607666128787405543 0.96118960569535094596
1642668810.170917749 0.76479797608190902558 0.02890811920609837396 -0.14098941591835856268 -0.04043635486671390278 0.27134118562487136161 -0.02185043561879876015 0.96138515728715667752
1642668810.370917797 0.75782879625941301782 0.03512812279602418181 -0.12100745125348992548 -0.05159056334700156538 0.26867039250182112031 -0.01528602805134961912 0.96172811714791284210
1642668810.770917654 0.74996066882131984244 0.05763239302604476755 -0.08366236262990621453 -0.06596552861750314134 0.28279532613435648392 -0.00691593287799872544 0.95688427849098001143
1642668810.970917702 0.73679815563313466598 0.05836957626379417341 -0.06876911019462297880 -0.06444449968863982803 0.27166873007834324572 0.00369596607906029408 0.96022359239514820661
1642668811.204251051 0.72516780798463231772 0.04239398292856100953 -0.05078301849811217572 -0.05260982366300578916 0.26424101757959256309 0.00379705889887278943 0.96301322598724847790
1642668811.404251099 0.72562784294242976824 0.01497316734681371046 -0.02736402709248506732 -0.03310438682366009105 0.26239861596109925745 -0.00561040108154561498 0.96437523263221214265
1642668811.570917606 0.71232601639467951760 -0.00999790500994392033 -0.04255471052079709549 -0.01435074792333028600 0.25795841899045585111 -0.01257951382541327642 0.96596752840760735648
1642668811.704251051 0.70871553811567322700 -0.03065918315639455660 -0.03526490761937662449 -0.00522387651458502446 0.25138589484308909716 -0.02596079896821961927 0.96752461462488459354
1642668811.837584257 0.70366116689175584042 -0.05159381324483536257 -0.03208648460367363037 0.00540403435921166329 0.25101016012686738765 -0.03265769706868548033 0.96741830184667210180
1642668811.970917702 0.70249751976285701449 -0.07298125504502996075 -0.02888405345047512923 0.01119678718553042580 0.25168486367263692705 -0.04140798213774541520 0.96685818007093893289
1642668812.070917606 0.69630787837486862735 -0.08260646638100108130 -0.03609167280178478265 0.01184974330632021164 0.25000486744056221733 -0.05055557590140172253 0.96685122101845577536
1642668812.270917654 0.70588044815203287996 -0.10289830064244308294 -0.03728173653084953382 0.01458233896087996091 0.25473239044260320707 -0.05610472162696317211 0.96527251326295837597
1642668812.370917797 0.69460733662055484938 -0.10500541653846286183 -0.05741277372191829625 0.01344341290461038840 0.25717772854501669277 -0.06768107000974225851 0.96389738216899323309
1642668812.604251146 0.70884861727278847265 -0.11485892172574255210 -0.07002467834934641977 0.01547960588311218799 0.26761519847383363757 -0.06760299165414450362 0.96102670247341404064
1642668812.804250956 0.71320228271759267269 -0.11311711937000329398 -0.09553310608342446830 0.02143062543746619697 0.27753875142234740725 -0.06644222652404914442 0.95817451452583024540
1642668813.070917606 0.72341146101230935361 -0.10212013355608941245 -0.11668731770143382642 0.01936760135847761730 0.28760313855559016538 -0.06487820572498599614 0.95535341582709565333
1642668813.237584352 0.72436217978871231260 -0.09474853338629393718 -0.13157418341643978277 0.01735582182304404308 0.29300292968975699681 -0.05859698823894504693 0.95415640835839432565
